servoj([-1.5710, -2.0940, -1.5710, 0.5240, 1.5710, 0.0000], t=0.0003)
servoj([-1.5702, -2.0940, -1.5694, 0.5219, 1.5694, 0.0000], t=0.0003)
servoj([-1.5694, -2.0940, -1.5679, 0.5198, 1.5679, 0.0000], t=0.0003)
servoj([-1.5686, -2.0940, -1.5663, 0.5177, 1.5663, 0.0000], t=0.0003)
servoj([-1.5679, -2.0940, -1.5647, 0.5156, 1.5647, 0.0000], t=0.0003)
servoj([-1.5671, -2.0940, -1.5631, 0.5135, 1.5631, 0.0000], t=0.0003)
servoj([-1.5663, -2.0940, -1.5616, 0.5114, 1.5616, 0.0000], t=0.0003)
servoj([-1.5655, -2.0940, -1.5600, 0.5093, 1.5600, 0.0000], t=0.0003)
servoj([-1.5647, -2.0940, -1.5584, 0.5072, 1.5584, 0.0000], t=0.0003)
servoj([-1.5639, -2.0940, -1.5568, 0.5051, 1.5568, 0.0000], t=0.0003)
servoj([-1.5631, -2.0940, -1.5553, 0.5030, 1.5553, 0.0000], t=0.0003)
servoj([-1.5623, -2.0940, -1.5537, 0.5009, 1.5537, 0.0000], t=0.0003)
servoj([-1.5616, -2.0940, -1.5521, 0.4988, 1.5521, 0.0000], t=0.0003)
servoj([-1.5608, -2.0940, -1.5506, 0.4967, 1.5506, 0.0000], t=0.0003)
servoj([-1.5600, -2.0940, -1.5490, 0.4946, 1.5490, 0.0000], t=0.0003)
servoj([-1.5592, -2.0940, -1.5474, 0.4925, 1.5474, 0.0000], t=0.0003)
servoj([-1.5584, -2.0940, -1.5458, 0.4904, 1.5458, 0.0000], t=0.0003)
servoj([-1.5576, -2.0940, -1.5443, 0.4883, 1.5443, 0.0000], t=0.0003)
servoj([-1.5568, -2.0940, -1.5427, 0.4863, 1.5427, 0.0000], t=0.0003)
servoj([-1.5561, -2.0940, -1.5411, 0.4842, 1.5411, 0.0000], t=0.0003)
servoj([-1.5553, -2.0940, -1.5395, 0.4821, 1.5395, 0.0000], t=0.0003)
servoj([-1.5545, -2.0940, -1.5380, 0.4800, 1.5380, 0.0000], t=0.0003)
servoj([-1.5537, -2.0940, -1.5364, 0.4779, 1.5364, 0.0000], t=0.0003)
servoj([-1.5529, -2.0940, -1.5348, 0.4758, 1.5348, 0.0000], t=0.0003)
servoj([-1.5521, -2.0940, -1.5333, 0.4737, 1.5333, 0.0000], t=0.0003)
servoj([-1.5513, -2.0940, -1.5317, 0.4716, 1.5317, 0.0000], t=0.0003)
servoj([-1.5505, -2.0940, -1.5301, 0.4695, 1.5301, 0.0000], t=0.0003)
servoj([-1.5498, -2.0940, -1.5285, 0.4674, 1.5285, 0.0000], t=0.0003)
servoj([-1.5490, -2.0940, -1.5270, 0.4653, 1.5270, 0.0000], t=0.0003)
servoj([-1.5482, -2.0940, -1.5254, 0.4632, 1.5254, 0.0000], t=0.0003)
servoj([-1.5474, -2.0940, -1.5238, 0.4611, 1.5238, 0.0000], t=0.0003)
servoj([-1.5466, -2.0940, -1.5223, 0.4590, 1.5223, 0.0000], t=0.0003)
servoj([-1.5458, -2.0940, -1.5207, 0.4569, 1.5207, 0.0000], t=0.0003)
servoj([-1.5450, -2.0940, -1.5191, 0.4548, 1.5191, 0.0000], t=0.0003)
servoj([-1.5442, -2.0940, -1.5175, 0.4527, 1.5175, 0.0000], t=0.0003)
servoj([-1.5435, -2.0940, -1.5160, 0.4506, 1.5160, 0.0000], t=0.0003)
servoj([-1.5427, -2.0940, -1.5144, 0.4485, 1.5144, 0.0000], t=0.0003)
servoj([-1.5419, -2.0940, -1.5128, 0.4464, 1.5128, 0.0000], t=0.0003)
servoj([-1.5411, -2.0940, -1.5112, 0.4443, 1.5112, 0.0000], t=0.0003)
servoj([-1.5403, -2.0940, -1.5097, 0.4422, 1.5097, 0.0000], t=0.0003)
servoj([-1.5395, -2.0940, -1.5081, 0.4401, 1.5081, 0.0000], t=0.0003)
servoj([-1.5387, -2.0940, -1.5065, 0.4380, 1.5065, 0.0000], t=0.0003)
servoj([-1.5380, -2.0940, -1.5050, 0.4359, 1.5050, 0.0000], t=0.0003)
servoj([-1.5372, -2.0940, -1.5034, 0.4338, 1.5034, 0.0000], t=0.0003)
servoj([-1.5364, -2.0940, -1.5018, 0.4317, 1.5018, 0.0000], t=0.0003)
servoj([-1.5356, -2.0940, -1.5002, 0.4296, 1.5002, 0.0000], t=0.0003)
servoj([-1.5348, -2.0940, -1.4987, 0.4275, 1.4987, 0.0000], t=0.0003)
servoj([-1.5340, -2.0940, -1.4971, 0.4254, 1.4971, 0.0000], t=0.0003)
servoj([-1.5332, -2.0940, -1.4955, 0.4233, 1.4955, 0.0000], t=0.0003)
servoj([-1.5324, -2.0940, -1.4939, 0.4212, 1.4939, 0.0000], t=0.0003)
servoj([-1.5317, -2.0940, -1.4924, 0.4191, 1.4924, 0.0000], t=0.0003)
servoj([-1.5309, -2.0940, -1.4908, 0.4170, 1.4908, 0.0000], t=0.0003)
servoj([-1.5301, -2.0940, -1.4892, 0.4150, 1.4892, 0.0000], t=0.0003)
servoj([-1.5293, -2.0940, -1.4877, 0.4129, 1.4877, 0.0000], t=0.0003)
servoj([-1.5285, -2.0940, -1.4861, 0.4108, 1.4861, 0.0000], t=0.0003)
servoj([-1.5277, -2.0940, -1.4845, 0.4087, 1.4845, 0.0000], t=0.0003)
servoj([-1.5269, -2.0940, -1.4829, 0.4066, 1.4829, 0.0000], t=0.0003)
servoj([-1.5262, -2.0940, -1.4814, 0.4045, 1.4814, 0.0000], t=0.0003)
servoj([-1.5254, -2.0940, -1.4798, 0.4024, 1.4798, 0.0000], t=0.0003)
servoj([-1.5246, -2.0940, -1.4782, 0.4003, 1.4782, 0.0000], t=0.0003)
servoj([-1.5238, -2.0940, -1.4766, 0.3982, 1.4766, 0.0000], t=0.0003)
servoj([-1.5230, -2.0940, -1.4751, 0.3961, 1.4751, 0.0000], t=0.0003)
servoj([-1.5222, -2.0940, -1.4735, 0.3940, 1.4735, 0.0000], t=0.0003)
servoj([-1.5214, -2.0940, -1.4719, 0.3919, 1.4719, 0.0000], t=0.0003)
servoj([-1.5206, -2.0940, -1.4704, 0.3898, 1.4704, 0.0000], t=0.0003)
servoj([-1.5199, -2.0940, -1.4688, 0.3877, 1.4688, 0.0000], t=0.0003)
servoj([-1.5191, -2.0940, -1.4672, 0.3856, 1.4672, 0.0000], t=0.0003)
servoj([-1.5183, -2.0940, -1.4656, 0.3835, 1.4656, 0.0000], t=0.0003)
servoj([-1.5175, -2.0940, -1.4641, 0.3814, 1.4641, 0.0000], t=0.0003)
servoj([-1.5167, -2.0940, -1.4625, 0.3793, 1.4625, 0.0000], t=0.0003)
servoj([-1.5159, -2.0940, -1.4609, 0.3772, 1.4609, 0.0000], t=0.0003)
servoj([-1.5151, -2.0940, -1.4593, 0.3751, 1.4593, 0.0000], t=0.0003)
servoj([-1.5144, -2.0940, -1.4578, 0.3730, 1.4578, 0.0000], t=0.0003)
servoj([-1.5136, -2.0940, -1.4562, 0.3709, 1.4562, 0.0000], t=0.0003)
servoj([-1.5128, -2.0940, -1.4546, 0.3688, 1.4546, 0.0000], t=0.0003)
servoj([-1.5120, -2.0940, -1.4531, 0.3667, 1.4531, 0.0000], t=0.0003)
servoj([-1.5112, -2.0940, -1.4515, 0.3646, 1.4515, 0.0000], t=0.0003)
servoj([-1.5104, -2.0940, -1.4499, 0.3625, 1.4499, 0.0000], t=0.0003)
servoj([-1.5096, -2.0940, -1.4483, 0.3604, 1.4483, 0.0000], t=0.0003)
servoj([-1.5088, -2.0940, -1.4468, 0.3583, 1.4468, 0.0000], t=0.0003)
servoj([-1.5081, -2.0940, -1.4452, 0.3562, 1.4452, 0.0000], t=0.0003)
servoj([-1.5073, -2.0940, -1.4436, 0.3541, 1.4436, 0.0000], t=0.0003)
servoj([-1.5065, -2.0940, -1.4420, 0.3520, 1.4420, 0.0000], t=0.0003)
servoj([-1.5057, -2.0940, -1.4405, 0.3499, 1.4405, 0.0000], t=0.0003)
servoj([-1.5049, -2.0940, -1.4389, 0.3478, 1.4389, 0.0000], t=0.0003)
servoj([-1.5041, -2.0940, -1.4373, 0.3457, 1.4373, 0.0000], t=0.0003)
servoj([-1.5033, -2.0940, -1.4358, 0.3436, 1.4358, 0.0000], t=0.0003)
servoj([-1.5025, -2.0940, -1.4342, 0.3416, 1.4342, 0.0000], t=0.0003)
servoj([-1.5018, -2.0940, -1.4326, 0.3395, 1.4326, 0.0000], t=0.0003)
servoj([-1.5010, -2.0940, -1.4310, 0.3374, 1.4310, 0.0000], t=0.0003)
servoj([-1.5002, -2.0940, -1.4295, 0.3353, 1.4295, 0.0000], t=0.0003)
servoj([-1.4994, -2.0940, -1.4279, 0.3332, 1.4279, 0.0000], t=0.0003)
servoj([-1.4986, -2.0940, -1.4263, 0.3311, 1.4263, 0.0000], t=0.0003)
servoj([-1.4978, -2.0940, -1.4248, 0.3290, 1.4248, 0.0000], t=0.0003)
servoj([-1.4970, -2.0940, -1.4232, 0.3269, 1.4232, 0.0000], t=0.0003)
servoj([-1.4963, -2.0940, -1.4216, 0.3248, 1.4216, 0.0000], t=0.0003)
servoj([-1.4955, -2.0940, -1.4200, 0.3227, 1.4200, 0.0000], t=0.0003)
servoj([-1.4947, -2.0940, -1.4185, 0.3206, 1.4185, 0.0000], t=0.0003)
servoj([-1.4939, -2.0940, -1.4169, 0.3185, 1.4169, 0.0000], t=0.0003)
servoj([-1.4931, -2.0940, -1.4153, 0.3164, 1.4153, 0.0000], t=0.0003)
servoj([-1.4923, -2.0940, -1.4137, 0.3143, 1.4137, 0.0000], t=0.0003)
servoj([-1.4915, -2.0940, -1.4122, 0.3122, 1.4122, 0.0000], t=0.0003)
servoj([-1.4907, -2.0940, -1.4106, 0.3101, 1.4106, 0.0000], t=0.0003)
servoj([-1.4900, -2.0940, -1.4090, 0.3080, 1.4090, 0.0000], t=0.0003)
servoj([-1.4892, -2.0940, -1.4075, 0.3059, 1.4075, 0.0000], t=0.0003)
servoj([-1.4884, -2.0940, -1.4059, 0.3038, 1.4059, 0.0000], t=0.0003)
servoj([-1.4876, -2.0940, -1.4043, 0.3017, 1.4043, 0.0000], t=0.0003)
servoj([-1.4868, -2.0940, -1.4027, 0.2996, 1.4027, 0.0000], t=0.0003)
servoj([-1.4860, -2.0940, -1.4012, 0.2975, 1.4012, 0.0000], t=0.0003)
servoj([-1.4852, -2.0940, -1.3996, 0.2954, 1.3996, 0.0000], t=0.0003)
servoj([-1.4845, -2.0940, -1.3980, 0.2933, 1.3980, 0.0000], t=0.0003)
servoj([-1.4837, -2.0940, -1.3964, 0.2912, 1.3964, 0.0000], t=0.0003)
servoj([-1.4829, -2.0940, -1.3949, 0.2891, 1.3949, 0.0000], t=0.0003)
servoj([-1.4821, -2.0940, -1.3933, 0.2870, 1.3933, 0.0000], t=0.0003)
servoj([-1.4813, -2.0940, -1.3917, 0.2849, 1.3917, 0.0000], t=0.0003)
servoj([-1.4805, -2.0940, -1.3902, 0.2828, 1.3902, 0.0000], t=0.0003)
servoj([-1.4797, -2.0940, -1.3886, 0.2807, 1.3886, 0.0000], t=0.0003)
servoj([-1.4789, -2.0940, -1.3870, 0.2786, 1.3870, 0.0000], t=0.0003)
servoj([-1.4782, -2.0940, -1.3854, 0.2765, 1.3854, 0.0000], t=0.0003)
servoj([-1.4774, -2.0940, -1.3839, 0.2744, 1.3839, 0.0000], t=0.0003)
servoj([-1.4766, -2.0940, -1.3823, 0.2723, 1.3823, 0.0000], t=0.0003)
servoj([-1.4758, -2.0940, -1.3807, 0.2703, 1.3807, 0.0000], t=0.0003)
servoj([-1.4750, -2.0940, -1.3791, 0.2682, 1.3791, 0.0000], t=0.0003)
servoj([-1.4742, -2.0940, -1.3776, 0.2661, 1.3776, 0.0000], t=0.0003)
servoj([-1.4734, -2.0940, -1.3760, 0.2640, 1.3760, 0.0000], t=0.0003)
servoj([-1.4727, -2.0940, -1.3744, 0.2619, 1.3744, 0.0000], t=0.0003)
servoj([-1.4719, -2.0940, -1.3729, 0.2598, 1.3729, 0.0000], t=0.0003)
servoj([-1.4711, -2.0940, -1.3713, 0.2577, 1.3713, 0.0000], t=0.0003)
servoj([-1.4703, -2.0940, -1.3697, 0.2556, 1.3697, 0.0000], t=0.0003)
servoj([-1.4695, -2.0940, -1.3681, 0.2535, 1.3681, 0.0000], t=0.0003)
servoj([-1.4687, -2.0940, -1.3666, 0.2514, 1.3666, 0.0000], t=0.0003)
servoj([-1.4679, -2.0940, -1.3650, 0.2493, 1.3650, 0.0000], t=0.0003)
servoj([-1.4671, -2.0940, -1.3634, 0.2472, 1.3634, 0.0000], t=0.0003)
servoj([-1.4664, -2.0940, -1.3618, 0.2451, 1.3618, 0.0000], t=0.0003)
servoj([-1.4656, -2.0940, -1.3603, 0.2430, 1.3603, 0.0000], t=0.0003)
servoj([-1.4648, -2.0940, -1.3587, 0.2409, 1.3587, 0.0000], t=0.0003)
servoj([-1.4640, -2.0940, -1.3571, 0.2388, 1.3571, 0.0000], t=0.0003)
servoj([-1.4632, -2.0940, -1.3556, 0.2367, 1.3556, 0.0000], t=0.0003)
servoj([-1.4624, -2.0940, -1.3540, 0.2346, 1.3540, 0.0000], t=0.0003)
servoj([-1.4616, -2.0940, -1.3524, 0.2325, 1.3524, 0.0000], t=0.0003)
servoj([-1.4608, -2.0940, -1.3508, 0.2304, 1.3508, 0.0000], t=0.0003)
servoj([-1.4601, -2.0940, -1.3493, 0.2283, 1.3493, 0.0000], t=0.0003)
servoj([-1.4593, -2.0940, -1.3477, 0.2262, 1.3477, 0.0000], t=0.0003)
servoj([-1.4585, -2.0940, -1.3461, 0.2241, 1.3461, 0.0000], t=0.0003)
servoj([-1.4577, -2.0940, -1.3445, 0.2220, 1.3445, 0.0000], t=0.0003)
servoj([-1.4569, -2.0940, -1.3430, 0.2199, 1.3430, 0.0000], t=0.0003)
servoj([-1.4561, -2.0940, -1.3414, 0.2178, 1.3414, 0.0000], t=0.0003)
servoj([-1.4553, -2.0940, -1.3398, 0.2157, 1.3398, 0.0000], t=0.0003)
servoj([-1.4546, -2.0940, -1.3383, 0.2136, 1.3383, 0.0000], t=0.0003)
servoj([-1.4538, -2.0940, -1.3367, 0.2115, 1.3367, 0.0000], t=0.0003)
servoj([-1.4530, -2.0940, -1.3351, 0.2094, 1.3351, 0.0000], t=0.0003)
servoj([-1.4522, -2.0940, -1.3335, 0.2073, 1.3335, 0.0000], t=0.0003)
servoj([-1.4514, -2.0940, -1.3320, 0.2052, 1.3320, 0.0000], t=0.0003)
servoj([-1.4506, -2.0940, -1.3304, 0.2031, 1.3304, 0.0000], t=0.0003)
servoj([-1.4498, -2.0940, -1.3288, 0.2010, 1.3288, 0.0000], t=0.0003)
servoj([-1.4490, -2.0940, -1.3273, 0.1989, 1.3273, 0.0000], t=0.0003)
servoj([-1.4483, -2.0940, -1.3257, 0.1969, 1.3257, 0.0000], t=0.0003)
servoj([-1.4475, -2.0940, -1.3241, 0.1948, 1.3241, 0.0000], t=0.0003)
servoj([-1.4467, -2.0940, -1.3225, 0.1927, 1.3225, 0.0000], t=0.0003)
servoj([-1.4459, -2.0940, -1.3210, 0.1906, 1.3210, 0.0000], t=0.0003)
servoj([-1.4451, -2.0940, -1.3194, 0.1885, 1.3194, 0.0000], t=0.0003)
servoj([-1.4443, -2.0940, -1.3178, 0.1864, 1.3178, 0.0000], t=0.0003)
servoj([-1.4435, -2.0940, -1.3162, 0.1843, 1.3162, 0.0000], t=0.0003)
servoj([-1.4428, -2.0940, -1.3147, 0.1822, 1.3147, 0.0000], t=0.0003)
servoj([-1.4420, -2.0940, -1.3131, 0.1801, 1.3131, 0.0000], t=0.0003)
servoj([-1.4412, -2.0940, -1.3115, 0.1780, 1.3115, 0.0000], t=0.0003)
servoj([-1.4404, -2.0940, -1.3100, 0.1759, 1.3100, 0.0000], t=0.0003)
servoj([-1.4396, -2.0940, -1.3084, 0.1738, 1.3084, 0.0000], t=0.0003)
servoj([-1.4388, -2.0940, -1.3068, 0.1717, 1.3068, 0.0000], t=0.0003)
servoj([-1.4380, -2.0940, -1.3052, 0.1696, 1.3052, 0.0000], t=0.0003)
servoj([-1.4372, -2.0940, -1.3037, 0.1675, 1.3037, 0.0000], t=0.0003)
servoj([-1.4365, -2.0940, -1.3021, 0.1654, 1.3021, 0.0000], t=0.0003)
servoj([-1.4357, -2.0940, -1.3005, 0.1633, 1.3005, 0.0000], t=0.0003)
servoj([-1.4349, -2.0940, -1.2989, 0.1612, 1.2989, 0.0000], t=0.0003)
servoj([-1.4341, -2.0940, -1.2974, 0.1591, 1.2974, 0.0000], t=0.0003)
servoj([-1.4333, -2.0940, -1.2958, 0.1570, 1.2958, 0.0000], t=0.0003)
servoj([-1.4325, -2.0940, -1.2942, 0.1549, 1.2942, 0.0000], t=0.0003)
servoj([-1.4317, -2.0940, -1.2927, 0.1528, 1.2927, 0.0000], t=0.0003)
servoj([-1.4310, -2.0940, -1.2911, 0.1507, 1.2911, 0.0000], t=0.0003)
servoj([-1.4302, -2.0940, -1.2895, 0.1486, 1.2895, 0.0000], t=0.0003)
servoj([-1.4294, -2.0940, -1.2879, 0.1465, 1.2879, 0.0000], t=0.0003)
servoj([-1.4286, -2.0940, -1.2864, 0.1444, 1.2864, 0.0000], t=0.0003)
servoj([-1.4278, -2.0940, -1.2848, 0.1423, 1.2848, 0.0000], t=0.0003)
servoj([-1.4270, -2.0940, -1.2832, 0.1402, 1.2832, 0.0000], t=0.0003)
servoj([-1.4262, -2.0940, -1.2816, 0.1381, 1.2816, 0.0000], t=0.0003)
servoj([-1.4254, -2.0940, -1.2801, 0.1360, 1.2801, 0.0000], t=0.0003)
servoj([-1.4247, -2.0940, -1.2785, 0.1339, 1.2785, 0.0000], t=0.0003)
servoj([-1.4239, -2.0940, -1.2769, 0.1318, 1.2769, 0.0000], t=0.0003)
servoj([-1.4231, -2.0940, -1.2754, 0.1297, 1.2754, 0.0000], t=0.0003)
servoj([-1.4223, -2.0940, -1.2738, 0.1276, 1.2738, 0.0000], t=0.0003)
servoj([-1.4215, -2.0940, -1.2722, 0.1256, 1.2722, 0.0000], t=0.0003)
servoj([-1.4207, -2.0940, -1.2706, 0.1235, 1.2706, 0.0000], t=0.0003)
servoj([-1.4199, -2.0940, -1.2691, 0.1214, 1.2691, 0.0000], t=0.0003)
servoj([-1.4192, -2.0940, -1.2675, 0.1193, 1.2675, 0.0000], t=0.0003)
servoj([-1.4184, -2.0940, -1.2659, 0.1172, 1.2659, 0.0000], t=0.0003)
servoj([-1.4176, -2.0940, -1.2643, 0.1151, 1.2643, 0.0000], t=0.0003)
servoj([-1.4168, -2.0940, -1.2628, 0.1130, 1.2628, 0.0000], t=0.0003)
servoj([-1.4160, -2.0940, -1.2612, 0.1109, 1.2612, 0.0000], t=0.0003)
servoj([-1.4152, -2.0940, -1.2596, 0.1088, 1.2596, 0.0000], t=0.0003)
servoj([-1.4144, -2.0940, -1.2581, 0.1067, 1.2581, 0.0000], t=0.0003)
servoj([-1.4136, -2.0940, -1.2565, 0.1046, 1.2565, 0.0000], t=0.0003)
servoj([-1.4129, -2.0940, -1.2549, 0.1025, 1.2549, 0.0000], t=0.0003)
servoj([-1.4121, -2.0940, -1.2533, 0.1004, 1.2533, 0.0000], t=0.0003)
servoj([-1.4113, -2.0940, -1.2518, 0.0983, 1.2518, 0.0000], t=0.0003)
servoj([-1.4105, -2.0940, -1.2502, 0.0962, 1.2502, 0.0000], t=0.0003)
servoj([-1.4097, -2.0940, -1.2486, 0.0941, 1.2486, 0.0000], t=0.0003)
servoj([-1.4089, -2.0940, -1.2471, 0.0920, 1.2471, 0.0000], t=0.0003)
servoj([-1.4081, -2.0940, -1.2455, 0.0899, 1.2455, 0.0000], t=0.0003)
servoj([-1.4073, -2.0940, -1.2439, 0.0878, 1.2439, 0.0000], t=0.0003)
servoj([-1.4066, -2.0940, -1.2423, 0.0857, 1.2423, 0.0000], t=0.0003)
servoj([-1.4058, -2.0940, -1.2408, 0.0836, 1.2408, 0.0000], t=0.0003)
servoj([-1.4050, -2.0940, -1.2392, 0.0815, 1.2392, 0.0000], t=0.0003)
servoj([-1.4042, -2.0940, -1.2376, 0.0794, 1.2376, 0.0000], t=0.0003)
servoj([-1.4034, -2.0940, -1.2360, 0.0773, 1.2360, 0.0000], t=0.0003)
servoj([-1.4026, -2.0940, -1.2345, 0.0752, 1.2345, 0.0000], t=0.0003)
servoj([-1.4018, -2.0940, -1.2329, 0.0731, 1.2329, 0.0000], t=0.0003)
servoj([-1.4011, -2.0940, -1.2313, 0.0710, 1.2313, 0.0000], t=0.0003)
servoj([-1.4003, -2.0940, -1.2298, 0.0689, 1.2298, 0.0000], t=0.0003)
servoj([-1.3995, -2.0940, -1.2282, 0.0668, 1.2282, 0.0000], t=0.0003)
servoj([-1.3987, -2.0940, -1.2266, 0.0647, 1.2266, 0.0000], t=0.0003)
servoj([-1.3979, -2.0940, -1.2250, 0.0626, 1.2250, 0.0000], t=0.0003)
servoj([-1.3971, -2.0940, -1.2235, 0.0605, 1.2235, 0.0000], t=0.0003)
servoj([-1.3963, -2.0940, -1.2219, 0.0584, 1.2219, 0.0000], t=0.0003)
servoj([-1.3955, -2.0940, -1.2203, 0.0563, 1.2203, 0.0000], t=0.0003)
servoj([-1.3948, -2.0940, -1.2187, 0.0543, 1.2187, 0.0000], t=0.0003)
servoj([-1.3940, -2.0940, -1.2172, 0.0522, 1.2172, 0.0000], t=0.0003)
servoj([-1.3932, -2.0940, -1.2156, 0.0501, 1.2156, 0.0000], t=0.0003)
servoj([-1.3924, -2.0940, -1.2140, 0.0480, 1.2140, 0.0000], t=0.0003)
servoj([-1.3916, -2.0940, -1.2125, 0.0459, 1.2125, 0.0000], t=0.0003)
servoj([-1.3908, -2.0940, -1.2109, 0.0438, 1.2109, 0.0000], t=0.0003)
servoj([-1.3900, -2.0940, -1.2093, 0.0417, 1.2093, 0.0000], t=0.0003)
servoj([-1.3893, -2.0940, -1.2077, 0.0396, 1.2077, 0.0000], t=0.0003)
servoj([-1.3885, -2.0940, -1.2062, 0.0375, 1.2062, 0.0000], t=0.0003)
servoj([-1.3877, -2.0940, -1.2046, 0.0354, 1.2046, 0.0000], t=0.0003)
servoj([-1.3869, -2.0940, -1.2030, 0.0333, 1.2030, 0.0000], t=0.0003)
servoj([-1.3861, -2.0940, -1.2014, 0.0312, 1.2014, 0.0000], t=0.0003)
servoj([-1.3853, -2.0940, -1.1999, 0.0291, 1.1999, 0.0000], t=0.0003)
servoj([-1.3845, -2.0940, -1.1983, 0.0270, 1.1983, 0.0000], t=0.0003)
servoj([-1.3837, -2.0940, -1.1967, 0.0249, 1.1967, 0.0000], t=0.0003)
servoj([-1.3830, -2.0940, -1.1952, 0.0228, 1.1952, 0.0000], t=0.0003)
servoj([-1.3822, -2.0940, -1.1936, 0.0207, 1.1936, 0.0000], t=0.0003)
servoj([-1.3814, -2.0940, -1.1920, 0.0186, 1.1920, 0.0000], t=0.0003)
servoj([-1.3806, -2.0940, -1.1904, 0.0165, 1.1904, 0.0000], t=0.0003)
servoj([-1.3798, -2.0940, -1.1889, 0.0144, 1.1889, 0.0000], t=0.0003)
servoj([-1.3790, -2.0940, -1.1873, 0.0123, 1.1873, 0.0000], t=0.0003)
servoj([-1.3782, -2.0940, -1.1857, 0.0102, 1.1857, 0.0000], t=0.0003)
servoj([-1.3775, -2.0940, -1.1841, 0.0081, 1.1841, 0.0000], t=0.0003)
servoj([-1.3767, -2.0940, -1.1826, 0.0060, 1.1826, 0.0000], t=0.0003)
servoj([-1.3759, -2.0940, -1.1810, 0.0039, 1.1810, 0.0000], t=0.0003)
servoj([-1.3751, -2.0940, -1.1794, 0.0018, 1.1794, 0.0000], t=0.0003)
servoj([-1.3743, -2.0940, -1.1779, -0.0003, 1.1779, 0.0000], t=0.0003)
servoj([-1.3735, -2.0940, -1.1763, -0.0024, 1.1763, 0.0000], t=0.0003)
servoj([-1.3727, -2.0940, -1.1747, -0.0045, 1.1747, 0.0000], t=0.0003)
servoj([-1.3719, -2.0940, -1.1731, -0.0066, 1.1731, 0.0000], t=0.0003)
servoj([-1.3712, -2.0940, -1.1716, -0.0087, 1.1716, 0.0000], t=0.0003)
servoj([-1.3704, -2.0940, -1.1700, -0.0108, 1.1700, 0.0000], t=0.0003)
servoj([-1.3696, -2.0940, -1.1684, -0.0129, 1.1684, 0.0000], t=0.0003)
servoj([-1.3688, -2.0940, -1.1668, -0.0150, 1.1668, 0.0000], t=0.0003)
servoj([-1.3680, -2.0940, -1.1653, -0.0171, 1.1653, 0.0000], t=0.0003)
servoj([-1.3672, -2.0940, -1.1637, -0.0191, 1.1637, 0.0000], t=0.0003)
servoj([-1.3664, -2.0940, -1.1621, -0.0212, 1.1621, 0.0000], t=0.0003)
servoj([-1.3656, -2.0940, -1.1606, -0.0233, 1.1606, 0.0000], t=0.0003)
servoj([-1.3649, -2.0940, -1.1590, -0.0254, 1.1590, 0.0000], t=0.0003)
servoj([-1.3641, -2.0940, -1.1574, -0.0275, 1.1574, 0.0000], t=0.0003)
servoj([-1.3633, -2.0940, -1.1558, -0.0296, 1.1558, 0.0000], t=0.0003)
servoj([-1.3625, -2.0940, -1.1543, -0.0317, 1.1543, 0.0000], t=0.0003)
servoj([-1.3617, -2.0940, -1.1527, -0.0338, 1.1527, 0.0000], t=0.0003)
servoj([-1.3609, -2.0940, -1.1511, -0.0359, 1.1511, 0.0000], t=0.0003)
servoj([-1.3601, -2.0940, -1.1496, -0.0380, 1.1496, 0.0000], t=0.0003)
servoj([-1.3594, -2.0940, -1.1480, -0.0401, 1.1480, 0.0000], t=0.0003)
servoj([-1.3586, -2.0940, -1.1464, -0.0422, 1.1464, 0.0000], t=0.0003)
servoj([-1.3578, -2.0940, -1.1448, -0.0443, 1.1448, 0.0000], t=0.0003)
servoj([-1.3570, -2.0940, -1.1433, -0.0464, 1.1433, 0.0000], t=0.0003)
servoj([-1.3562, -2.0940, -1.1417, -0.0485, 1.1417, 0.0000], t=0.0003)
servoj([-1.3554, -2.0940, -1.1401, -0.0506, 1.1401, 0.0000], t=0.0003)
servoj([-1.3546, -2.0940, -1.1385, -0.0527, 1.1385, 0.0000], t=0.0003)
servoj([-1.3538, -2.0940, -1.1370, -0.0548, 1.1370, 0.0000], t=0.0003)
servoj([-1.3531, -2.0940, -1.1354, -0.0569, 1.1354, 0.0000], t=0.0003)
servoj([-1.3523, -2.0940, -1.1338, -0.0590, 1.1338, 0.0000], t=0.0003)
servoj([-1.3515, -2.0940, -1.1323, -0.0611, 1.1323, 0.0000], t=0.0003)
servoj([-1.3507, -2.0940, -1.1307, -0.0632, 1.1307, 0.0000], t=0.0003)
servoj([-1.3499, -2.0940, -1.1291, -0.0653, 1.1291, 0.0000], t=0.0003)
servoj([-1.3491, -2.0940, -1.1275, -0.0674, 1.1275, 0.0000], t=0.0003)
servoj([-1.3483, -2.0940, -1.1260, -0.0695, 1.1260, 0.0000], t=0.0003)
servoj([-1.3476, -2.0940, -1.1244, -0.0716, 1.1244, 0.0000], t=0.0003)
servoj([-1.3468, -2.0940, -1.1228, -0.0737, 1.1228, 0.0000], t=0.0003)
servoj([-1.3460, -2.0940, -1.1212, -0.0758, 1.1212, 0.0000], t=0.0003)
servoj([-1.3452, -2.0940, -1.1197, -0.0779, 1.1197, 0.0000], t=0.0003)
servoj([-1.3444, -2.0940, -1.1181, -0.0800, 1.1181, 0.0000], t=0.0003)
servoj([-1.3436, -2.0940, -1.1165, -0.0821, 1.1165, 0.0000], t=0.0003)
servoj([-1.3428, -2.0940, -1.1150, -0.0842, 1.1150, 0.0000], t=0.0003)
servoj([-1.3420, -2.0940, -1.1134, -0.0863, 1.1134, 0.0000], t=0.0003)
servoj([-1.3413, -2.0940, -1.1118, -0.0884, 1.1118, 0.0000], t=0.0003)
servoj([-1.3405, -2.0940, -1.1102, -0.0904, 1.1102, 0.0000], t=0.0003)
servoj([-1.3397, -2.0940, -1.1087, -0.0925, 1.1087, 0.0000], t=0.0003)
servoj([-1.3389, -2.0940, -1.1071, -0.0946, 1.1071, 0.0000], t=0.0003)
servoj([-1.3381, -2.0940, -1.1055, -0.0967, 1.1055, 0.0000], t=0.0003)
servoj([-1.3373, -2.0940, -1.1039, -0.0988, 1.1039, 0.0000], t=0.0003)
servoj([-1.3365, -2.0940, -1.1024, -0.1009, 1.1024, 0.0000], t=0.0003)
servoj([-1.3358, -2.0940, -1.1008, -0.1030, 1.1008, 0.0000], t=0.0003)
servoj([-1.3350, -2.0940, -1.0992, -0.1051, 1.0992, 0.0000], t=0.0003)
servoj([-1.3342, -2.0940, -1.0977, -0.1072, 1.0977, 0.0000], t=0.0003)
servoj([-1.3334, -2.0940, -1.0961, -0.1093, 1.0961, 0.0000], t=0.0003)
servoj([-1.3326, -2.0940, -1.0945, -0.1114, 1.0945, 0.0000], t=0.0003)
servoj([-1.3318, -2.0940, -1.0929, -0.1135, 1.0929, 0.0000], t=0.0003)
servoj([-1.3310, -2.0940, -1.0914, -0.1156, 1.0914, 0.0000], t=0.0003)
servoj([-1.3302, -2.0940, -1.0898, -0.1177, 1.0898, 0.0000], t=0.0003)
servoj([-1.3295, -2.0940, -1.0882, -0.1198, 1.0882, 0.0000], t=0.0003)
servoj([-1.3287, -2.0940, -1.0866, -0.1219, 1.0866, 0.0000], t=0.0003)
servoj([-1.3279, -2.0940, -1.0851, -0.1240, 1.0851, 0.0000], t=0.0003)
servoj([-1.3271, -2.0940, -1.0835, -0.1261, 1.0835, 0.0000], t=0.0003)
servoj([-1.3263, -2.0940, -1.0819, -0.1282, 1.0819, 0.0000], t=0.0003)
servoj([-1.3255, -2.0940, -1.0804, -0.1303, 1.0804, 0.0000], t=0.0003)
servoj([-1.3247, -2.0940, -1.0788, -0.1324, 1.0788, 0.0000], t=0.0003)
servoj([-1.3239, -2.0940, -1.0772, -0.1345, 1.0772, 0.0000], t=0.0003)
servoj([-1.3232, -2.0940, -1.0756, -0.1366, 1.0756, 0.0000], t=0.0003)
servoj([-1.3224, -2.0940, -1.0741, -0.1387, 1.0741, 0.0000], t=0.0003)
servoj([-1.3216, -2.0940, -1.0725, -0.1408, 1.0725, 0.0000], t=0.0003)
servoj([-1.3208, -2.0940, -1.0709, -0.1429, 1.0709, 0.0000], t=0.0003)
servoj([-1.3200, -2.0940, -1.0693, -0.1450, 1.0693, 0.0000], t=0.0003)
servoj([-1.3192, -2.0940, -1.0678, -0.1471, 1.0678, 0.0000], t=0.0003)
servoj([-1.3184, -2.0940, -1.0662, -0.1492, 1.0662, 0.0000], t=0.0003)
servoj([-1.3177, -2.0940, -1.0646, -0.1513, 1.0646, 0.0000], t=0.0003)
servoj([-1.3169, -2.0940, -1.0631, -0.1534, 1.0631, 0.0000], t=0.0003)
servoj([-1.3161, -2.0940, -1.0615, -0.1555, 1.0615, 0.0000], t=0.0003)
servoj([-1.3153, -2.0940, -1.0599, -0.1576, 1.0599, 0.0000], t=0.0003)
servoj([-1.3145, -2.0940, -1.0583, -0.1597, 1.0583, 0.0000], t=0.0003)
servoj([-1.3137, -2.0940, -1.0568, -0.1618, 1.0568, 0.0000], t=0.0003)
servoj([-1.3129, -2.0940, -1.0552, -0.1638, 1.0552, 0.0000], t=0.0003)
servoj([-1.3121, -2.0940, -1.0536, -0.1659, 1.0536, 0.0000], t=0.0003)
servoj([-1.3114, -2.0940, -1.0521, -0.1680, 1.0521, 0.0000], t=0.0003)
servoj([-1.3106, -2.0940, -1.0505, -0.1701, 1.0505, 0.0000], t=0.0003)
servoj([-1.3098, -2.0940, -1.0489, -0.1722, 1.0489, 0.0000], t=0.0003)
servoj([-1.3090, -2.0940, -1.0473, -0.1743, 1.0473, 0.0000], t=0.0003)
servoj([-1.3082, -2.0940, -1.0458, -0.1764, 1.0458, 0.0000], t=0.0003)
servoj([-1.3074, -2.0940, -1.0442, -0.1785, 1.0442, 0.0000], t=0.0003)
servoj([-1.3066, -2.0940, -1.0426, -0.1806, 1.0426, 0.0000], t=0.0003)
servoj([-1.3059, -2.0940, -1.0410, -0.1827, 1.0410, 0.0000], t=0.0003)
servoj([-1.3051, -2.0940, -1.0395, -0.1848, 1.0395, 0.0000], t=0.0003)
servoj([-1.3043, -2.0940, -1.0379, -0.1869, 1.0379, 0.0000], t=0.0003)
servoj([-1.3035, -2.0940, -1.0363, -0.1890, 1.0363, 0.0000], t=0.0003)
servoj([-1.3027, -2.0940, -1.0348, -0.1911, 1.0348, 0.0000], t=0.0003)
servoj([-1.3019, -2.0940, -1.0332, -0.1932, 1.0332, 0.0000], t=0.0003)
servoj([-1.3011, -2.0940, -1.0316, -0.1953, 1.0316, 0.0000], t=0.0003)
servoj([-1.3003, -2.0940, -1.0300, -0.1974, 1.0300, 0.0000], t=0.0003)
servoj([-1.2996, -2.0940, -1.0285, -0.1995, 1.0285, 0.0000], t=0.0003)
servoj([-1.2988, -2.0940, -1.0269, -0.2016, 1.0269, 0.0000], t=0.0003)
servoj([-1.2980, -2.0940, -1.0253, -0.2037, 1.0253, 0.0000], t=0.0003)
servoj([-1.2972, -2.0940, -1.0237, -0.2058, 1.0237, 0.0000], t=0.0003)
servoj([-1.2964, -2.0940, -1.0222, -0.2079, 1.0222, 0.0000], t=0.0003)
servoj([-1.2956, -2.0940, -1.0206, -0.2100, 1.0206, 0.0000], t=0.0003)
servoj([-1.2948, -2.0940, -1.0190, -0.2121, 1.0190, 0.0000], t=0.0003)
servoj([-1.2941, -2.0940, -1.0175, -0.2142, 1.0175, 0.0000], t=0.0003)
servoj([-1.2933, -2.0940, -1.0159, -0.2163, 1.0159, 0.0000], t=0.0003)
servoj([-1.2925, -2.0940, -1.0143, -0.2184, 1.0143, 0.0000], t=0.0003)
servoj([-1.2917, -2.0940, -1.0127, -0.2205, 1.0127, 0.0000], t=0.0003)
servoj([-1.2909, -2.0940, -1.0112, -0.2226, 1.0112, 0.0000], t=0.0003)
servoj([-1.2901, -2.0940, -1.0096, -0.2247, 1.0096, 0.0000], t=0.0003)
servoj([-1.2893, -2.0940, -1.0080, -0.2268, 1.0080, 0.0000], t=0.0003)
servoj([-1.2885, -2.0940, -1.0064, -0.2289, 1.0064, 0.0000], t=0.0003)
servoj([-1.2878, -2.0940, -1.0049, -0.2310, 1.0049, 0.0000], t=0.0003)
servoj([-1.2870, -2.0940, -1.0033, -0.2331, 1.0033, 0.0000], t=0.0003)
servoj([-1.2862, -2.0940, -1.0017, -0.2351, 1.0017, 0.0000], t=0.0003)
servoj([-1.2854, -2.0940, -1.0002, -0.2372, 1.0002, 0.0000], t=0.0003)
servoj([-1.2846, -2.0940, -0.9986, -0.2393, 0.9986, 0.0000], t=0.0003)
servoj([-1.2838, -2.0940, -0.9970, -0.2414, 0.9970, 0.0000], t=0.0003)
servoj([-1.2830, -2.0940, -0.9954, -0.2435, 0.9954, 0.0000], t=0.0003)
servoj([-1.2822, -2.0940, -0.9939, -0.2456, 0.9939, 0.0000], t=0.0003)
servoj([-1.2815, -2.0940, -0.9923, -0.2477, 0.9923, 0.0000], t=0.0003)
servoj([-1.2807, -2.0940, -0.9907, -0.2498, 0.9907, 0.0000], t=0.0003)
servoj([-1.2799, -2.0940, -0.9891, -0.2519, 0.9891, 0.0000], t=0.0003)
servoj([-1.2791, -2.0940, -0.9876, -0.2540, 0.9876, 0.0000], t=0.0003)
servoj([-1.2783, -2.0940, -0.9860, -0.2561, 0.9860, 0.0000], t=0.0003)
servoj([-1.2775, -2.0940, -0.9844, -0.2582, 0.9844, 0.0000], t=0.0003)
servoj([-1.2767, -2.0940, -0.9829, -0.2603, 0.9829, 0.0000], t=0.0003)
servoj([-1.2760, -2.0940, -0.9813, -0.2624, 0.9813, 0.0000], t=0.0003)
servoj([-1.2752, -2.0940, -0.9797, -0.2645, 0.9797, 0.0000], t=0.0003)
servoj([-1.2744, -2.0940, -0.9781, -0.2666, 0.9781, 0.0000], t=0.0003)
servoj([-1.2736, -2.0940, -0.9766, -0.2687, 0.9766, 0.0000], t=0.0003)
servoj([-1.2728, -2.0940, -0.9750, -0.2708, 0.9750, 0.0000], t=0.0003)
servoj([-1.2720, -2.0940, -0.9734, -0.2729, 0.9734, 0.0000], t=0.0003)
servoj([-1.2712, -2.0940, -0.9718, -0.2750, 0.9718, 0.0000], t=0.0003)
servoj([-1.2704, -2.0940, -0.9703, -0.2771, 0.9703, 0.0000], t=0.0003)
servoj([-1.2697, -2.0940, -0.9687, -0.2792, 0.9687, 0.0000], t=0.0003)
servoj([-1.2689, -2.0940, -0.9671, -0.2813, 0.9671, 0.0000], t=0.0003)
servoj([-1.2681, -2.0940, -0.9656, -0.2834, 0.9656, 0.0000], t=0.0003)
servoj([-1.2673, -2.0940, -0.9640, -0.2855, 0.9640, 0.0000], t=0.0003)
servoj([-1.2665, -2.0940, -0.9624, -0.2876, 0.9624, 0.0000], t=0.0003)
servoj([-1.2657, -2.0940, -0.9608, -0.2897, 0.9608, 0.0000], t=0.0003)
servoj([-1.2649, -2.0940, -0.9593, -0.2918, 0.9593, 0.0000], t=0.0003)
servoj([-1.2642, -2.0940, -0.9577, -0.2939, 0.9577, 0.0000], t=0.0003)
servoj([-1.2634, -2.0940, -0.9561, -0.2960, 0.9561, 0.0000], t=0.0003)
servoj([-1.2626, -2.0940, -0.9546, -0.2981, 0.9546, 0.0000], t=0.0003)
servoj([-1.2618, -2.0940, -0.9530, -0.3002, 0.9530, 0.0000], t=0.0003)
servoj([-1.2610, -2.0940, -0.9514, -0.3023, 0.9514, 0.0000], t=0.0003)
servoj([-1.2602, -2.0940, -0.9498, -0.3044, 0.9498, 0.0000], t=0.0003)
servoj([-1.2594, -2.0940, -0.9483, -0.3065, 0.9483, 0.0000], t=0.0003)
servoj([-1.2586, -2.0940, -0.9467, -0.3085, 0.9467, 0.0000], t=0.0003)
servoj([-1.2579, -2.0940, -0.9451, -0.3106, 0.9451, 0.0000], t=0.0003)
servoj([-1.2571, -2.0940, -0.9435, -0.3127, 0.9435, 0.0000], t=0.0003)
servoj([-1.2563, -2.0940, -0.9420, -0.3148, 0.9420, 0.0000], t=0.0003)
servoj([-1.2555, -2.0940, -0.9404, -0.3169, 0.9404, 0.0000], t=0.0003)
servoj([-1.2547, -2.0940, -0.9388, -0.3190, 0.9388, 0.0000], t=0.0003)
servoj([-1.2539, -2.0940, -0.9373, -0.3211, 0.9373, 0.0000], t=0.0003)
servoj([-1.2531, -2.0940, -0.9357, -0.3232, 0.9357, 0.0000], t=0.0003)
servoj([-1.2524, -2.0940, -0.9341, -0.3253, 0.9341, 0.0000], t=0.0003)
servoj([-1.2516, -2.0940, -0.9325, -0.3274, 0.9325, 0.0000], t=0.0003)
servoj([-1.2508, -2.0940, -0.9310, -0.3295, 0.9310, 0.0000], t=0.0003)
servoj([-1.2500, -2.0940, -0.9294, -0.3316, 0.9294, 0.0000], t=0.0003)
servoj([-1.2492, -2.0940, -0.9278, -0.3337, 0.9278, 0.0000], t=0.0003)
servoj([-1.2484, -2.0940, -0.9262, -0.3358, 0.9262, 0.0000], t=0.0003)
servoj([-1.2476, -2.0940, -0.9247, -0.3379, 0.9247, 0.0000], t=0.0003)
servoj([-1.2468, -2.0940, -0.9231, -0.3400, 0.9231, 0.0000], t=0.0003)
servoj([-1.2461, -2.0940, -0.9215, -0.3421, 0.9215, 0.0000], t=0.0003)
servoj([-1.2453, -2.0940, -0.9200, -0.3442, 0.9200, 0.0000], t=0.0003)
servoj([-1.2445, -2.0940, -0.9184, -0.3463, 0.9184, 0.0000], t=0.0003)
servoj([-1.2437, -2.0940, -0.9168, -0.3484, 0.9168, 0.0000], t=0.0003)
servoj([-1.2429, -2.0940, -0.9152, -0.3505, 0.9152, 0.0000], t=0.0003)
servoj([-1.2421, -2.0940, -0.9137, -0.3526, 0.9137, 0.0000], t=0.0003)
servoj([-1.2413, -2.0940, -0.9121, -0.3547, 0.9121, 0.0000], t=0.0003)
servoj([-1.2405, -2.0940, -0.9105, -0.3568, 0.9105, 0.0000], t=0.0003)
servoj([-1.2398, -2.0940, -0.9089, -0.3589, 0.9089, 0.0000], t=0.0003)
servoj([-1.2390, -2.0940, -0.9074, -0.3610, 0.9074, 0.0000], t=0.0003)
servoj([-1.2382, -2.0940, -0.9058, -0.3631, 0.9058, 0.0000], t=0.0003)
servoj([-1.2374, -2.0940, -0.9042, -0.3652, 0.9042, 0.0000], t=0.0003)
servoj([-1.2366, -2.0940, -0.9027, -0.3673, 0.9027, 0.0000], t=0.0003)
servoj([-1.2358, -2.0940, -0.9011, -0.3694, 0.9011, 0.0000], t=0.0003)
servoj([-1.2350, -2.0940, -0.8995, -0.3715, 0.8995, 0.0000], t=0.0003)
servoj([-1.2343, -2.0940, -0.8979, -0.3736, 0.8979, 0.0000], t=0.0003)
servoj([-1.2335, -2.0940, -0.8964, -0.3757, 0.8964, 0.0000], t=0.0003)
servoj([-1.2327, -2.0940, -0.8948, -0.3778, 0.8948, 0.0000], t=0.0003)
servoj([-1.2319, -2.0940, -0.8932, -0.3798, 0.8932, 0.0000], t=0.0003)
servoj([-1.2311, -2.0940, -0.8916, -0.3819, 0.8916, 0.0000], t=0.0003)
servoj([-1.2303, -2.0940, -0.8901, -0.3840, 0.8901, 0.0000], t=0.0003)
servoj([-1.2295, -2.0940, -0.8885, -0.3861, 0.8885, 0.0000], t=0.0003)
servoj([-1.2287, -2.0940, -0.8869, -0.3882, 0.8869, 0.0000], t=0.0003)
servoj([-1.2280, -2.0940, -0.8854, -0.3903, 0.8854, 0.0000], t=0.0003)
servoj([-1.2272, -2.0940, -0.8838, -0.3924, 0.8838, 0.0000], t=0.0003)
servoj([-1.2264, -2.0940, -0.8822, -0.3945, 0.8822, 0.0000], t=0.0003)
servoj([-1.2256, -2.0940, -0.8806, -0.3966, 0.8806, 0.0000], t=0.0003)
servoj([-1.2248, -2.0940, -0.8791, -0.3987, 0.8791, 0.0000], t=0.0003)
servoj([-1.2240, -2.0940, -0.8775, -0.4008, 0.8775, 0.0000], t=0.0003)
servoj([-1.2232, -2.0940, -0.8759, -0.4029, 0.8759, 0.0000], t=0.0003)
servoj([-1.2225, -2.0940, -0.8744, -0.4050, 0.8744, 0.0000], t=0.0003)
servoj([-1.2217, -2.0940, -0.8728, -0.4071, 0.8728, 0.0000], t=0.0003)
servoj([-1.2209, -2.0940, -0.8712, -0.4092, 0.8712, 0.0000], t=0.0003)
servoj([-1.2201, -2.0940, -0.8696, -0.4113, 0.8696, 0.0000], t=0.0003)
servoj([-1.2193, -2.0940, -0.8681, -0.4134, 0.8681, 0.0000], t=0.0003)
servoj([-1.2185, -2.0940, -0.8665, -0.4155, 0.8665, 0.0000], t=0.0003)
servoj([-1.2177, -2.0940, -0.8649, -0.4176, 0.8649, 0.0000], t=0.0003)
servoj([-1.2169, -2.0940, -0.8633, -0.4197, 0.8633, 0.0000], t=0.0003)
servoj([-1.2162, -2.0940, -0.8618, -0.4218, 0.8618, 0.0000], t=0.0003)
servoj([-1.2154, -2.0940, -0.8602, -0.4239, 0.8602, 0.0000], t=0.0003)
servoj([-1.2146, -2.0940, -0.8586, -0.4260, 0.8586, 0.0000], t=0.0003)
servoj([-1.2138, -2.0940, -0.8571, -0.4281, 0.8571, 0.0000], t=0.0003)
servoj([-1.2130, -2.0940, -0.8555, -0.4302, 0.8555, 0.0000], t=0.0003)
servoj([-1.2122, -2.0940, -0.8539, -0.4323, 0.8539, 0.0000], t=0.0003)
servoj([-1.2114, -2.0940, -0.8523, -0.4344, 0.8523, 0.0000], t=0.0003)
servoj([-1.2107, -2.0940, -0.8508, -0.4365, 0.8508, 0.0000], t=0.0003)
servoj([-1.2099, -2.0940, -0.8492, -0.4386, 0.8492, 0.0000], t=0.0003)
servoj([-1.2091, -2.0940, -0.8476, -0.4407, 0.8476, 0.0000], t=0.0003)
servoj([-1.2083, -2.0940, -0.8460, -0.4428, 0.8460, 0.0000], t=0.0003)
servoj([-1.2075, -2.0940, -0.8445, -0.4449, 0.8445, 0.0000], t=0.0003)
servoj([-1.2067, -2.0940, -0.8429, -0.4470, 0.8429, 0.0000], t=0.0003)
servoj([-1.2059, -2.0940, -0.8413, -0.4491, 0.8413, 0.0000], t=0.0003)
servoj([-1.2051, -2.0940, -0.8398, -0.4512, 0.8398, 0.0000], t=0.0003)
servoj([-1.2044, -2.0940, -0.8382, -0.4532, 0.8382, 0.0000], t=0.0003)
servoj([-1.2036, -2.0940, -0.8366, -0.4553, 0.8366, 0.0000], t=0.0003)
servoj([-1.2028, -2.0940, -0.8350, -0.4574, 0.8350, 0.0000], t=0.0003)
servoj([-1.2020, -2.0940, -0.8335, -0.4595, 0.8335, 0.0000], t=0.0003)
servoj([-1.2012, -2.0940, -0.8319, -0.4616, 0.8319, 0.0000], t=0.0003)
servoj([-1.2004, -2.0940, -0.8303, -0.4637, 0.8303, 0.0000], t=0.0003)
servoj([-1.1996, -2.0940, -0.8287, -0.4658, 0.8287, 0.0000], t=0.0003)
servoj([-1.1988, -2.0940, -0.8272, -0.4679, 0.8272, 0.0000], t=0.0003)
servoj([-1.1981, -2.0940, -0.8256, -0.4700, 0.8256, 0.0000], t=0.0003)
servoj([-1.1973, -2.0940, -0.8240, -0.4721, 0.8240, 0.0000], t=0.0003)
servoj([-1.1965, -2.0940, -0.8225, -0.4742, 0.8225, 0.0000], t=0.0003)
servoj([-1.1957, -2.0940, -0.8209, -0.4763, 0.8209, 0.0000], t=0.0003)
servoj([-1.1949, -2.0940, -0.8193, -0.4784, 0.8193, 0.0000], t=0.0003)
servoj([-1.1941, -2.0940, -0.8177, -0.4805, 0.8177, 0.0000], t=0.0003)
servoj([-1.1933, -2.0940, -0.8162, -0.4826, 0.8162, 0.0000], t=0.0003)
servoj([-1.1926, -2.0940, -0.8146, -0.4847, 0.8146, 0.0000], t=0.0003)
servoj([-1.1918, -2.0940, -0.8130, -0.4868, 0.8130, 0.0000], t=0.0003)
servoj([-1.1910, -2.0940, -0.8114, -0.4889, 0.8114, 0.0000], t=0.0003)
servoj([-1.1902, -2.0940, -0.8099, -0.4910, 0.8099, 0.0000], t=0.0003)
servoj([-1.1894, -2.0940, -0.8083, -0.4931, 0.8083, 0.0000], t=0.0003)
servoj([-1.1886, -2.0940, -0.8067, -0.4952, 0.8067, 0.0000], t=0.0003)
servoj([-1.1878, -2.0940, -0.8052, -0.4973, 0.8052, 0.0000], t=0.0003)
servoj([-1.1870, -2.0940, -0.8036, -0.4994, 0.8036, 0.0000], t=0.0003)
servoj([-1.1863, -2.0940, -0.8020, -0.5015, 0.8020, 0.0000], t=0.0003)
servoj([-1.1855, -2.0940, -0.8004, -0.5036, 0.8004, 0.0000], t=0.0003)
servoj([-1.1847, -2.0940, -0.7989, -0.5057, 0.7989, 0.0000], t=0.0003)
servoj([-1.1839, -2.0940, -0.7973, -0.5078, 0.7973, 0.0000], t=0.0003)
servoj([-1.1831, -2.0940, -0.7957, -0.5099, 0.7957, 0.0000], t=0.0003)
servoj([-1.1823, -2.0940, -0.7941, -0.5120, 0.7941, 0.0000], t=0.0003)
servoj([-1.1815, -2.0940, -0.7926, -0.5141, 0.7926, 0.0000], t=0.0003)
servoj([-1.1808, -2.0940, -0.7910, -0.5162, 0.7910, 0.0000], t=0.0003)
servoj([-1.1800, -2.0940, -0.7894, -0.5183, 0.7894, 0.0000], t=0.0003)
servoj([-1.1792, -2.0940, -0.7879, -0.5204, 0.7879, 0.0000], t=0.0003)
servoj([-1.1784, -2.0940, -0.7863, -0.5225, 0.7863, 0.0000], t=0.0003)
servoj([-1.1776, -2.0940, -0.7847, -0.5245, 0.7847, 0.0000], t=0.0003)
servoj([-1.1768, -2.0940, -0.7831, -0.5266, 0.7831, 0.0000], t=0.0003)
servoj([-1.1760, -2.0940, -0.7816, -0.5287, 0.7816, 0.0000], t=0.0003)
servoj([-1.1752, -2.0940, -0.7800, -0.5308, 0.7800, 0.0000], t=0.0003)
servoj([-1.1745, -2.0940, -0.7784, -0.5329, 0.7784, 0.0000], t=0.0003)
servoj([-1.1737, -2.0940, -0.7769, -0.5350, 0.7769, 0.0000], t=0.0003)
servoj([-1.1729, -2.0940, -0.7753, -0.5371, 0.7753, 0.0000], t=0.0003)
servoj([-1.1721, -2.0940, -0.7737, -0.5392, 0.7737, 0.0000], t=0.0003)
servoj([-1.1713, -2.0940, -0.7721, -0.5413, 0.7721, 0.0000], t=0.0003)
servoj([-1.1705, -2.0940, -0.7706, -0.5434, 0.7706, 0.0000], t=0.0003)
servoj([-1.1697, -2.0940, -0.7690, -0.5455, 0.7690, 0.0000], t=0.0003)
servoj([-1.1690, -2.0940, -0.7674, -0.5476, 0.7674, 0.0000], t=0.0003)
servoj([-1.1682, -2.0940, -0.7658, -0.5497, 0.7658, 0.0000], t=0.0003)
servoj([-1.1674, -2.0940, -0.7643, -0.5518, 0.7643, 0.0000], t=0.0003)
servoj([-1.1666, -2.0940, -0.7627, -0.5539, 0.7627, 0.0000], t=0.0003)
servoj([-1.1658, -2.0940, -0.7611, -0.5560, 0.7611, 0.0000], t=0.0003)
servoj([-1.1650, -2.0940, -0.7596, -0.5581, 0.7596, 0.0000], t=0.0003)
servoj([-1.1642, -2.0940, -0.7580, -0.5602, 0.7580, 0.0000], t=0.0003)
servoj([-1.1634, -2.0940, -0.7564, -0.5623, 0.7564, 0.0000], t=0.0003)
servoj([-1.1627, -2.0940, -0.7548, -0.5644, 0.7548, 0.0000], t=0.0003)
servoj([-1.1619, -2.0940, -0.7533, -0.5665, 0.7533, 0.0000], t=0.0003)
servoj([-1.1611, -2.0940, -0.7517, -0.5686, 0.7517, 0.0000], t=0.0003)
servoj([-1.1603, -2.0940, -0.7501, -0.5707, 0.7501, 0.0000], t=0.0003)
servoj([-1.1595, -2.0940, -0.7485, -0.5728, 0.7485, 0.0000], t=0.0003)
servoj([-1.1587, -2.0940, -0.7470, -0.5749, 0.7470, 0.0000], t=0.0003)
servoj([-1.1579, -2.0940, -0.7454, -0.5770, 0.7454, 0.0000], t=0.0003)
servoj([-1.1572, -2.0940, -0.7438, -0.5791, 0.7438, 0.0000], t=0.0003)
servoj([-1.1564, -2.0940, -0.7423, -0.5812, 0.7423, 0.0000], t=0.0003)
servoj([-1.1556, -2.0940, -0.7407, -0.5833, 0.7407, 0.0000], t=0.0003)
servoj([-1.1548, -2.0940, -0.7391, -0.5854, 0.7391, 0.0000], t=0.0003)
servoj([-1.1540, -2.0940, -0.7375, -0.5875, 0.7375, 0.0000], t=0.0003)
servoj([-1.1532, -2.0940, -0.7360, -0.5896, 0.7360, 0.0000], t=0.0003)
servoj([-1.1524, -2.0940, -0.7344, -0.5917, 0.7344, 0.0000], t=0.0003)
servoj([-1.1516, -2.0940, -0.7328, -0.5938, 0.7328, 0.0000], t=0.0003)
servoj([-1.1509, -2.0940, -0.7312, -0.5958, 0.7312, 0.0000], t=0.0003)
servoj([-1.1501, -2.0940, -0.7297, -0.5979, 0.7297, 0.0000], t=0.0003)
servoj([-1.1493, -2.0940, -0.7281, -0.6000, 0.7281, 0.0000], t=0.0003)
servoj([-1.1485, -2.0940, -0.7265, -0.6021, 0.7265, 0.0000], t=0.0003)
servoj([-1.1477, -2.0940, -0.7250, -0.6042, 0.7250, 0.0000], t=0.0003)
servoj([-1.1469, -2.0940, -0.7234, -0.6063, 0.7234, 0.0000], t=0.0003)
servoj([-1.1461, -2.0940, -0.7218, -0.6084, 0.7218, 0.0000], t=0.0003)
servoj([-1.1453, -2.0940, -0.7202, -0.6105, 0.7202, 0.0000], t=0.0003)
servoj([-1.1446, -2.0940, -0.7187, -0.6126, 0.7187, 0.0000], t=0.0003)
servoj([-1.1438, -2.0940, -0.7171, -0.6147, 0.7171, 0.0000], t=0.0003)
servoj([-1.1430, -2.0940, -0.7155, -0.6168, 0.7155, 0.0000], t=0.0003)
servoj([-1.1422, -2.0940, -0.7139, -0.6189, 0.7139, 0.0000], t=0.0003)
servoj([-1.1414, -2.0940, -0.7124, -0.6210, 0.7124, 0.0000], t=0.0003)
servoj([-1.1406, -2.0940, -0.7108, -0.6231, 0.7108, 0.0000], t=0.0003)
servoj([-1.1398, -2.0940, -0.7092, -0.6252, 0.7092, 0.0000], t=0.0003)
servoj([-1.1391, -2.0940, -0.7077, -0.6273, 0.7077, 0.0000], t=0.0003)
servoj([-1.1383, -2.0940, -0.7061, -0.6294, 0.7061, 0.0000], t=0.0003)
servoj([-1.1375, -2.0940, -0.7045, -0.6315, 0.7045, 0.0000], t=0.0003)
servoj([-1.1367, -2.0940, -0.7029, -0.6336, 0.7029, 0.0000], t=0.0003)
servoj([-1.1359, -2.0940, -0.7014, -0.6357, 0.7014, 0.0000], t=0.0003)
servoj([-1.1351, -2.0940, -0.6998, -0.6378, 0.6998, 0.0000], t=0.0003)
servoj([-1.1343, -2.0940, -0.6982, -0.6399, 0.6982, 0.0000], t=0.0003)
servoj([-1.1335, -2.0940, -0.6966, -0.6420, 0.6966, 0.0000], t=0.0003)
servoj([-1.1328, -2.0940, -0.6951, -0.6441, 0.6951, 0.0000], t=0.0003)
servoj([-1.1320, -2.0940, -0.6935, -0.6462, 0.6935, 0.0000], t=0.0003)
servoj([-1.1312, -2.0940, -0.6919, -0.6483, 0.6919, 0.0000], t=0.0003)
servoj([-1.1304, -2.0940, -0.6904, -0.6504, 0.6904, 0.0000], t=0.0003)
servoj([-1.1296, -2.0940, -0.6888, -0.6525, 0.6888, 0.0000], t=0.0003)
servoj([-1.1288, -2.0940, -0.6872, -0.6546, 0.6872, 0.0000], t=0.0003)
servoj([-1.1280, -2.0940, -0.6856, -0.6567, 0.6856, 0.0000], t=0.0003)
servoj([-1.1273, -2.0940, -0.6841, -0.6588, 0.6841, 0.0000], t=0.0003)
servoj([-1.1265, -2.0940, -0.6825, -0.6609, 0.6825, 0.0000], t=0.0003)
servoj([-1.1257, -2.0940, -0.6809, -0.6630, 0.6809, 0.0000], t=0.0003)
servoj([-1.1249, -2.0940, -0.6794, -0.6651, 0.6794, 0.0000], t=0.0003)
servoj([-1.1241, -2.0940, -0.6778, -0.6672, 0.6778, 0.0000], t=0.0003)
servoj([-1.1233, -2.0940, -0.6762, -0.6692, 0.6762, 0.0000], t=0.0003)
servoj([-1.1225, -2.0940, -0.6746, -0.6713, 0.6746, 0.0000], t=0.0003)
servoj([-1.1217, -2.0940, -0.6731, -0.6734, 0.6731, 0.0000], t=0.0003)
servoj([-1.1210, -2.0940, -0.6715, -0.6755, 0.6715, 0.0000], t=0.0003)
servoj([-1.1202, -2.0940, -0.6699, -0.6776, 0.6699, 0.0000], t=0.0003)
servoj([-1.1194, -2.0940, -0.6683, -0.6797, 0.6683, 0.0000], t=0.0003)
servoj([-1.1186, -2.0940, -0.6668, -0.6818, 0.6668, 0.0000], t=0.0003)
servoj([-1.1178, -2.0940, -0.6652, -0.6839, 0.6652, 0.0000], t=0.0003)
servoj([-1.1170, -2.0940, -0.6636, -0.6860, 0.6636, 0.0000], t=0.0003)
servoj([-1.1162, -2.0940, -0.6621, -0.6881, 0.6621, 0.0000], t=0.0003)
servoj([-1.1155, -2.0940, -0.6605, -0.6902, 0.6605, 0.0000], t=0.0003)
servoj([-1.1147, -2.0940, -0.6589, -0.6923, 0.6589, 0.0000], t=0.0003)
servoj([-1.1139, -2.0940, -0.6573, -0.6944, 0.6573, 0.0000], t=0.0003)
servoj([-1.1131, -2.0940, -0.6558, -0.6965, 0.6558, 0.0000], t=0.0003)
servoj([-1.1123, -2.0940, -0.6542, -0.6986, 0.6542, 0.0000], t=0.0003)
servoj([-1.1115, -2.0940, -0.6526, -0.7007, 0.6526, 0.0000], t=0.0003)
servoj([-1.1107, -2.0940, -0.6510, -0.7028, 0.6510, 0.0000], t=0.0003)
servoj([-1.1099, -2.0940, -0.6495, -0.7049, 0.6495, 0.0000], t=0.0003)
servoj([-1.1092, -2.0940, -0.6479, -0.7070, 0.6479, 0.0000], t=0.0003)
servoj([-1.1084, -2.0940, -0.6463, -0.7091, 0.6463, 0.0000], t=0.0003)
servoj([-1.1076, -2.0940, -0.6448, -0.7112, 0.6448, 0.0000], t=0.0003)
servoj([-1.1068, -2.0940, -0.6432, -0.7133, 0.6432, 0.0000], t=0.0003)
servoj([-1.1060, -2.0940, -0.6416, -0.7154, 0.6416, 0.0000], t=0.0003)
servoj([-1.1052, -2.0940, -0.6400, -0.7175, 0.6400, 0.0000], t=0.0003)
servoj([-1.1044, -2.0940, -0.6385, -0.7196, 0.6385, 0.0000], t=0.0003)
servoj([-1.1036, -2.0940, -0.6369, -0.7217, 0.6369, 0.0000], t=0.0003)
servoj([-1.1029, -2.0940, -0.6353, -0.7238, 0.6353, 0.0000], t=0.0003)
servoj([-1.1021, -2.0940, -0.6337, -0.7259, 0.6337, 0.0000], t=0.0003)
servoj([-1.1013, -2.0940, -0.6322, -0.7280, 0.6322, 0.0000], t=0.0003)
servoj([-1.1005, -2.0940, -0.6306, -0.7301, 0.6306, 0.0000], t=0.0003)
servoj([-1.0997, -2.0940, -0.6290, -0.7322, 0.6290, 0.0000], t=0.0003)
servoj([-1.0989, -2.0940, -0.6275, -0.7343, 0.6275, 0.0000], t=0.0003)
servoj([-1.0981, -2.0940, -0.6259, -0.7364, 0.6259, 0.0000], t=0.0003)
servoj([-1.0974, -2.0940, -0.6243, -0.7385, 0.6243, 0.0000], t=0.0003)
servoj([-1.0966, -2.0940, -0.6227, -0.7405, 0.6227, 0.0000], t=0.0003)
servoj([-1.0958, -2.0940, -0.6212, -0.7426, 0.6212, 0.0000], t=0.0003)
servoj([-1.0950, -2.0940, -0.6196, -0.7447, 0.6196, 0.0000], t=0.0003)
servoj([-1.0942, -2.0940, -0.6180, -0.7468, 0.6180, 0.0000], t=0.0003)
servoj([-1.0934, -2.0940, -0.6164, -0.7489, 0.6164, 0.0000], t=0.0003)
servoj([-1.0926, -2.0940, -0.6149, -0.7510, 0.6149, 0.0000], t=0.0003)
servoj([-1.0918, -2.0940, -0.6133, -0.7531, 0.6133, 0.0000], t=0.0003)
servoj([-1.0911, -2.0940, -0.6117, -0.7552, 0.6117, 0.0000], t=0.0003)
servoj([-1.0903, -2.0940, -0.6102, -0.7573, 0.6102, 0.0000], t=0.0003)
servoj([-1.0895, -2.0940, -0.6086, -0.7594, 0.6086, 0.0000], t=0.0003)
servoj([-1.0887, -2.0940, -0.6070, -0.7615, 0.6070, 0.0000], t=0.0003)
servoj([-1.0879, -2.0940, -0.6054, -0.7636, 0.6054, 0.0000], t=0.0003)
servoj([-1.0871, -2.0940, -0.6039, -0.7657, 0.6039, 0.0000], t=0.0003)
servoj([-1.0863, -2.0940, -0.6023, -0.7678, 0.6023, 0.0000], t=0.0003)
servoj([-1.0856, -2.0940, -0.6007, -0.7699, 0.6007, 0.0000], t=0.0003)
servoj([-1.0848, -2.0940, -0.5992, -0.7720, 0.5992, 0.0000], t=0.0003)
servoj([-1.0840, -2.0940, -0.5976, -0.7741, 0.5976, 0.0000], t=0.0003)
servoj([-1.0832, -2.0940, -0.5960, -0.7762, 0.5960, 0.0000], t=0.0003)
servoj([-1.0824, -2.0940, -0.5944, -0.7783, 0.5944, 0.0000], t=0.0003)
servoj([-1.0816, -2.0940, -0.5929, -0.7804, 0.5929, 0.0000], t=0.0003)
servoj([-1.0808, -2.0940, -0.5913, -0.7825, 0.5913, 0.0000], t=0.0003)
servoj([-1.0800, -2.0940, -0.5897, -0.7846, 0.5897, 0.0000], t=0.0003)
servoj([-1.0793, -2.0940, -0.5881, -0.7867, 0.5881, 0.0000], t=0.0003)
servoj([-1.0785, -2.0940, -0.5866, -0.7888, 0.5866, 0.0000], t=0.0003)
servoj([-1.0777, -2.0940, -0.5850, -0.7909, 0.5850, 0.0000], t=0.0003)
servoj([-1.0769, -2.0940, -0.5834, -0.7930, 0.5834, 0.0000], t=0.0003)
servoj([-1.0761, -2.0940, -0.5819, -0.7951, 0.5819, 0.0000], t=0.0003)
servoj([-1.0753, -2.0940, -0.5803, -0.7972, 0.5803, 0.0000], t=0.0003)
servoj([-1.0745, -2.0940, -0.5787, -0.7993, 0.5787, 0.0000], t=0.0003)
servoj([-1.0738, -2.0940, -0.5771, -0.8014, 0.5771, 0.0000], t=0.0003)
servoj([-1.0730, -2.0940, -0.5756, -0.8035, 0.5756, 0.0000], t=0.0003)
servoj([-1.0722, -2.0940, -0.5740, -0.8056, 0.5740, 0.0000], t=0.0003)
servoj([-1.0714, -2.0940, -0.5724, -0.8077, 0.5724, 0.0000], t=0.0003)
servoj([-1.0706, -2.0940, -0.5708, -0.8098, 0.5708, 0.0000], t=0.0003)
servoj([-1.0698, -2.0940, -0.5693, -0.8119, 0.5693, 0.0000], t=0.0003)
servoj([-1.0690, -2.0940, -0.5677, -0.8139, 0.5677, 0.0000], t=0.0003)
servoj([-1.0682, -2.0940, -0.5661, -0.8160, 0.5661, 0.0000], t=0.0003)
servoj([-1.0675, -2.0940, -0.5646, -0.8181, 0.5646, 0.0000], t=0.0003)
servoj([-1.0667, -2.0940, -0.5630, -0.8202, 0.5630, 0.0000], t=0.0003)
servoj([-1.0659, -2.0940, -0.5614, -0.8223, 0.5614, 0.0000], t=0.0003)
servoj([-1.0651, -2.0940, -0.5598, -0.8244, 0.5598, 0.0000], t=0.0003)
servoj([-1.0643, -2.0940, -0.5583, -0.8265, 0.5583, 0.0000], t=0.0003)
servoj([-1.0635, -2.0940, -0.5567, -0.8286, 0.5567, 0.0000], t=0.0003)
servoj([-1.0627, -2.0940, -0.5551, -0.8307, 0.5551, 0.0000], t=0.0003)
servoj([-1.0619, -2.0940, -0.5535, -0.8328, 0.5535, 0.0000], t=0.0003)
servoj([-1.0612, -2.0940, -0.5520, -0.8349, 0.5520, 0.0000], t=0.0003)
servoj([-1.0604, -2.0940, -0.5504, -0.8370, 0.5504, 0.0000], t=0.0003)
servoj([-1.0596, -2.0940, -0.5488, -0.8391, 0.5488, 0.0000], t=0.0003)
servoj([-1.0588, -2.0940, -0.5473, -0.8412, 0.5473, 0.0000], t=0.0003)
servoj([-1.0580, -2.0940, -0.5457, -0.8433, 0.5457, 0.0000], t=0.0003)
servoj([-1.0572, -2.0940, -0.5441, -0.8454, 0.5441, 0.0000], t=0.0003)
servoj([-1.0564, -2.0940, -0.5425, -0.8475, 0.5425, 0.0000], t=0.0003)
servoj([-1.0557, -2.0940, -0.5410, -0.8496, 0.5410, 0.0000], t=0.0003)
servoj([-1.0549, -2.0940, -0.5394, -0.8517, 0.5394, 0.0000], t=0.0003)
servoj([-1.0541, -2.0940, -0.5378, -0.8538, 0.5378, 0.0000], t=0.0003)
servoj([-1.0533, -2.0940, -0.5362, -0.8559, 0.5362, 0.0000], t=0.0003)
servoj([-1.0525, -2.0940, -0.5347, -0.8580, 0.5347, 0.0000], t=0.0003)
servoj([-1.0517, -2.0940, -0.5331, -0.8601, 0.5331, 0.0000], t=0.0003)
servoj([-1.0509, -2.0940, -0.5315, -0.8622, 0.5315, 0.0000], t=0.0003)
servoj([-1.0501, -2.0940, -0.5300, -0.8643, 0.5300, 0.0000], t=0.0003)
servoj([-1.0494, -2.0940, -0.5284, -0.8664, 0.5284, 0.0000], t=0.0003)
servoj([-1.0486, -2.0940, -0.5268, -0.8685, 0.5268, 0.0000], t=0.0003)
servoj([-1.0478, -2.0940, -0.5252, -0.8706, 0.5252, 0.0000], t=0.0003)
servoj([-1.0470, -2.0940, -0.5237, -0.8727, 0.5237, 0.0000], t=0.0003)
servoj([-1.0462, -2.0940, -0.5221, -0.8748, 0.5221, 0.0000], t=0.0003)
servoj([-1.0454, -2.0940, -0.5205, -0.8769, 0.5205, 0.0000], t=0.0003)
servoj([-1.0446, -2.0940, -0.5189, -0.8790, 0.5189, 0.0000], t=0.0003)
servoj([-1.0439, -2.0940, -0.5174, -0.8811, 0.5174, 0.0000], t=0.0003)
servoj([-1.0431, -2.0940, -0.5158, -0.8832, 0.5158, 0.0000], t=0.0003)
servoj([-1.0423, -2.0940, -0.5142, -0.8852, 0.5142, 0.0000], t=0.0003)
servoj([-1.0415, -2.0940, -0.5127, -0.8873, 0.5127, 0.0000], t=0.0003)
servoj([-1.0407, -2.0940, -0.5111, -0.8894, 0.5111, 0.0000], t=0.0003)
servoj([-1.0399, -2.0940, -0.5095, -0.8915, 0.5095, 0.0000], t=0.0003)
servoj([-1.0391, -2.0940, -0.5079, -0.8936, 0.5079, 0.0000], t=0.0003)
servoj([-1.0383, -2.0940, -0.5064, -0.8957, 0.5064, 0.0000], t=0.0003)
servoj([-1.0376, -2.0940, -0.5048, -0.8978, 0.5048, 0.0000], t=0.0003)
servoj([-1.0368, -2.0940, -0.5032, -0.8999, 0.5032, 0.0000], t=0.0003)
servoj([-1.0360, -2.0940, -0.5017, -0.9020, 0.5017, 0.0000], t=0.0003)
servoj([-1.0352, -2.0940, -0.5001, -0.9041, 0.5001, 0.0000], t=0.0003)
servoj([-1.0344, -2.0940, -0.4985, -0.9062, 0.4985, 0.0000], t=0.0003)
servoj([-1.0336, -2.0940, -0.4969, -0.9083, 0.4969, 0.0000], t=0.0003)
servoj([-1.0328, -2.0940, -0.4954, -0.9104, 0.4954, 0.0000], t=0.0003)
servoj([-1.0321, -2.0940, -0.4938, -0.9125, 0.4938, 0.0000], t=0.0003)
servoj([-1.0313, -2.0940, -0.4922, -0.9146, 0.4922, 0.0000], t=0.0003)
servoj([-1.0305, -2.0940, -0.4906, -0.9167, 0.4906, 0.0000], t=0.0003)
servoj([-1.0297, -2.0940, -0.4891, -0.9188, 0.4891, 0.0000], t=0.0003)
servoj([-1.0289, -2.0940, -0.4875, -0.9209, 0.4875, 0.0000], t=0.0003)
servoj([-1.0281, -2.0940, -0.4859, -0.9230, 0.4859, 0.0000], t=0.0003)
servoj([-1.0273, -2.0940, -0.4844, -0.9251, 0.4844, 0.0000], t=0.0003)
servoj([-1.0265, -2.0940, -0.4828, -0.9272, 0.4828, 0.0000], t=0.0003)
servoj([-1.0258, -2.0940, -0.4812, -0.9293, 0.4812, 0.0000], t=0.0003)
servoj([-1.0250, -2.0940, -0.4796, -0.9314, 0.4796, 0.0000], t=0.0003)
servoj([-1.0242, -2.0940, -0.4781, -0.9335, 0.4781, 0.0000], t=0.0003)
servoj([-1.0234, -2.0940, -0.4765, -0.9356, 0.4765, 0.0000], t=0.0003)
servoj([-1.0226, -2.0940, -0.4749, -0.9377, 0.4749, 0.0000], t=0.0003)
servoj([-1.0218, -2.0940, -0.4733, -0.9398, 0.4733, 0.0000], t=0.0003)
servoj([-1.0210, -2.0940, -0.4718, -0.9419, 0.4718, 0.0000], t=0.0003)
servoj([-1.0202, -2.0940, -0.4702, -0.9440, 0.4702, 0.0000], t=0.0003)
servoj([-1.0195, -2.0940, -0.4686, -0.9461, 0.4686, 0.0000], t=0.0003)
servoj([-1.0187, -2.0940, -0.4671, -0.9482, 0.4671, 0.0000], t=0.0003)
servoj([-1.0179, -2.0940, -0.4655, -0.9503, 0.4655, 0.0000], t=0.0003)
servoj([-1.0171, -2.0940, -0.4639, -0.9524, 0.4639, 0.0000], t=0.0003)
servoj([-1.0163, -2.0940, -0.4623, -0.9545, 0.4623, 0.0000], t=0.0003)
servoj([-1.0155, -2.0940, -0.4608, -0.9566, 0.4608, 0.0000], t=0.0003)
servoj([-1.0147, -2.0940, -0.4592, -0.9586, 0.4592, 0.0000], t=0.0003)
servoj([-1.0140, -2.0940, -0.4576, -0.9607, 0.4576, 0.0000], t=0.0003)
servoj([-1.0132, -2.0940, -0.4560, -0.9628, 0.4560, 0.0000], t=0.0003)
servoj([-1.0124, -2.0940, -0.4545, -0.9649, 0.4545, 0.0000], t=0.0003)
servoj([-1.0116, -2.0940, -0.4529, -0.9670, 0.4529, 0.0000], t=0.0003)
servoj([-1.0108, -2.0940, -0.4513, -0.9691, 0.4513, 0.0000], t=0.0003)
servoj([-1.0100, -2.0940, -0.4498, -0.9712, 0.4498, 0.0000], t=0.0003)
servoj([-1.0092, -2.0940, -0.4482, -0.9733, 0.4482, 0.0000], t=0.0003)
servoj([-1.0084, -2.0940, -0.4466, -0.9754, 0.4466, 0.0000], t=0.0003)
servoj([-1.0077, -2.0940, -0.4450, -0.9775, 0.4450, 0.0000], t=0.0003)
servoj([-1.0069, -2.0940, -0.4435, -0.9796, 0.4435, 0.0000], t=0.0003)
servoj([-1.0061, -2.0940, -0.4419, -0.9817, 0.4419, 0.0000], t=0.0003)
servoj([-1.0053, -2.0940, -0.4403, -0.9838, 0.4403, 0.0000], t=0.0003)
servoj([-1.0045, -2.0940, -0.4387, -0.9859, 0.4387, 0.0000], t=0.0003)
servoj([-1.0037, -2.0940, -0.4372, -0.9880, 0.4372, 0.0000], t=0.0003)
servoj([-1.0029, -2.0940, -0.4356, -0.9901, 0.4356, 0.0000], t=0.0003)
servoj([-1.0022, -2.0940, -0.4340, -0.9922, 0.4340, 0.0000], t=0.0003)
servoj([-1.0014, -2.0940, -0.4325, -0.9943, 0.4325, 0.0000], t=0.0003)
servoj([-1.0006, -2.0940, -0.4309, -0.9964, 0.4309, 0.0000], t=0.0003)
servoj([-0.9998, -2.0940, -0.4293, -0.9985, 0.4293, 0.0000], t=0.0003)
servoj([-0.9990, -2.0940, -0.4277, -1.0006, 0.4277, 0.0000], t=0.0003)
servoj([-0.9982, -2.0940, -0.4262, -1.0027, 0.4262, 0.0000], t=0.0003)
servoj([-0.9974, -2.0940, -0.4246, -1.0048, 0.4246, 0.0000], t=0.0003)
servoj([-0.9966, -2.0940, -0.4230, -1.0069, 0.4230, 0.0000], t=0.0003)
servoj([-0.9959, -2.0940, -0.4214, -1.0090, 0.4214, 0.0000], t=0.0003)
servoj([-0.9951, -2.0940, -0.4199, -1.0111, 0.4199, 0.0000], t=0.0003)
servoj([-0.9943, -2.0940, -0.4183, -1.0132, 0.4183, 0.0000], t=0.0003)
servoj([-0.9935, -2.0940, -0.4167, -1.0153, 0.4167, 0.0000], t=0.0003)
servoj([-0.9927, -2.0940, -0.4152, -1.0174, 0.4152, 0.0000], t=0.0003)
servoj([-0.9919, -2.0940, -0.4136, -1.0195, 0.4136, 0.0000], t=0.0003)
servoj([-0.9911, -2.0940, -0.4120, -1.0216, 0.4120, 0.0000], t=0.0003)
servoj([-0.9904, -2.0940, -0.4104, -1.0237, 0.4104, 0.0000], t=0.0003)
servoj([-0.9896, -2.0940, -0.4089, -1.0258, 0.4089, 0.0000], t=0.0003)
servoj([-0.9888, -2.0940, -0.4073, -1.0279, 0.4073, 0.0000], t=0.0003)
servoj([-0.9880, -2.0940, -0.4057, -1.0299, 0.4057, 0.0000], t=0.0003)
servoj([-0.9872, -2.0940, -0.4042, -1.0320, 0.4042, 0.0000], t=0.0003)
servoj([-0.9864, -2.0940, -0.4026, -1.0341, 0.4026, 0.0000], t=0.0003)
servoj([-0.9856, -2.0940, -0.4010, -1.0362, 0.4010, 0.0000], t=0.0003)
servoj([-0.9848, -2.0940, -0.3994, -1.0383, 0.3994, 0.0000], t=0.0003)
servoj([-0.9841, -2.0940, -0.3979, -1.0404, 0.3979, 0.0000], t=0.0003)
servoj([-0.9833, -2.0940, -0.3963, -1.0425, 0.3963, 0.0000], t=0.0003)
servoj([-0.9825, -2.0940, -0.3947, -1.0446, 0.3947, 0.0000], t=0.0003)
servoj([-0.9817, -2.0940, -0.3931, -1.0467, 0.3931, 0.0000], t=0.0003)
servoj([-0.9809, -2.0940, -0.3916, -1.0488, 0.3916, 0.0000], t=0.0003)
servoj([-0.9801, -2.0940, -0.3900, -1.0509, 0.3900, 0.0000], t=0.0003)
servoj([-0.9793, -2.0940, -0.3884, -1.0530, 0.3884, 0.0000], t=0.0003)
servoj([-0.9785, -2.0940, -0.3869, -1.0551, 0.3869, 0.0000], t=0.0003)
servoj([-0.9778, -2.0940, -0.3853, -1.0572, 0.3853, 0.0000], t=0.0003)
servoj([-0.9770, -2.0940, -0.3837, -1.0593, 0.3837, 0.0000], t=0.0003)
servoj([-0.9762, -2.0940, -0.3821, -1.0614, 0.3821, 0.0000], t=0.0003)
servoj([-0.9754, -2.0940, -0.3806, -1.0635, 0.3806, 0.0000], t=0.0003)
servoj([-0.9746, -2.0940, -0.3790, -1.0656, 0.3790, 0.0000], t=0.0003)
servoj([-0.9738, -2.0940, -0.3774, -1.0677, 0.3774, 0.0000], t=0.0003)
servoj([-0.9730, -2.0940, -0.3758, -1.0698, 0.3758, 0.0000], t=0.0003)
servoj([-0.9723, -2.0940, -0.3743, -1.0719, 0.3743, 0.0000], t=0.0003)
servoj([-0.9715, -2.0940, -0.3727, -1.0740, 0.3727, 0.0000], t=0.0003)
servoj([-0.9707, -2.0940, -0.3711, -1.0761, 0.3711, 0.0000], t=0.0003)
servoj([-0.9699, -2.0940, -0.3696, -1.0782, 0.3696, 0.0000], t=0.0003)
servoj([-0.9691, -2.0940, -0.3680, -1.0803, 0.3680, 0.0000], t=0.0003)
servoj([-0.9683, -2.0940, -0.3664, -1.0824, 0.3664, 0.0000], t=0.0003)
servoj([-0.9675, -2.0940, -0.3648, -1.0845, 0.3648, 0.0000], t=0.0003)
servoj([-0.9667, -2.0940, -0.3633, -1.0866, 0.3633, 0.0000], t=0.0003)
servoj([-0.9660, -2.0940, -0.3617, -1.0887, 0.3617, 0.0000], t=0.0003)
servoj([-0.9652, -2.0940, -0.3601, -1.0908, 0.3601, 0.0000], t=0.0003)
servoj([-0.9644, -2.0940, -0.3585, -1.0929, 0.3585, 0.0000], t=0.0003)
servoj([-0.9636, -2.0940, -0.3570, -1.0950, 0.3570, 0.0000], t=0.0003)
servoj([-0.9628, -2.0940, -0.3554, -1.0971, 0.3554, 0.0000], t=0.0003)
servoj([-0.9620, -2.0940, -0.3538, -1.0992, 0.3538, 0.0000], t=0.0003)
servoj([-0.9612, -2.0940, -0.3523, -1.1013, 0.3523, 0.0000], t=0.0003)
servoj([-0.9605, -2.0940, -0.3507, -1.1033, 0.3507, 0.0000], t=0.0003)
servoj([-0.9597, -2.0940, -0.3491, -1.1054, 0.3491, 0.0000], t=0.0003)
servoj([-0.9589, -2.0940, -0.3475, -1.1075, 0.3475, 0.0000], t=0.0003)
servoj([-0.9581, -2.0940, -0.3460, -1.1096, 0.3460, 0.0000], t=0.0003)
servoj([-0.9573, -2.0940, -0.3444, -1.1117, 0.3444, 0.0000], t=0.0003)
servoj([-0.9565, -2.0940, -0.3428, -1.1138, 0.3428, 0.0000], t=0.0003)
servoj([-0.9557, -2.0940, -0.3412, -1.1159, 0.3412, 0.0000], t=0.0003)
servoj([-0.9549, -2.0940, -0.3397, -1.1180, 0.3397, 0.0000], t=0.0003)
servoj([-0.9542, -2.0940, -0.3381, -1.1201, 0.3381, 0.0000], t=0.0003)
servoj([-0.9534, -2.0940, -0.3365, -1.1222, 0.3365, 0.0000], t=0.0003)
servoj([-0.9526, -2.0940, -0.3350, -1.1243, 0.3350, 0.0000], t=0.0003)
servoj([-0.9518, -2.0940, -0.3334, -1.1264, 0.3334, 0.0000], t=0.0003)
servoj([-0.9510, -2.0940, -0.3318, -1.1285, 0.3318, 0.0000], t=0.0003)
servoj([-0.9502, -2.0940, -0.3302, -1.1306, 0.3302, 0.0000], t=0.0003)
servoj([-0.9494, -2.0940, -0.3287, -1.1327, 0.3287, 0.0000], t=0.0003)
servoj([-0.9487, -2.0940, -0.3271, -1.1348, 0.3271, 0.0000], t=0.0003)
servoj([-0.9479, -2.0940, -0.3255, -1.1369, 0.3255, 0.0000], t=0.0003)
servoj([-0.9471, -2.0940, -0.3239, -1.1390, 0.3239, 0.0000], t=0.0003)
servoj([-0.9463, -2.0940, -0.3224, -1.1411, 0.3224, 0.0000], t=0.0003)
servoj([-0.9455, -2.0940, -0.3208, -1.1432, 0.3208, 0.0000], t=0.0003)
servoj([-0.9447, -2.0940, -0.3192, -1.1453, 0.3192, 0.0000], t=0.0003)
servoj([-0.9439, -2.0940, -0.3177, -1.1474, 0.3177, 0.0000], t=0.0003)
servoj([-0.9431, -2.0940, -0.3161, -1.1495, 0.3161, 0.0000], t=0.0003)
servoj([-0.9424, -2.0940, -0.3145, -1.1516, 0.3145, 0.0000], t=0.0003)
servoj([-0.9416, -2.0940, -0.3129, -1.1537, 0.3129, 0.0000], t=0.0003)
servoj([-0.9408, -2.0940, -0.3114, -1.1558, 0.3114, 0.0000], t=0.0003)
servoj([-0.9400, -2.0940, -0.3098, -1.1579, 0.3098, 0.0000], t=0.0003)
servoj([-0.9392, -2.0940, -0.3082, -1.1600, 0.3082, 0.0000], t=0.0003)
servoj([-0.9384, -2.0940, -0.3067, -1.1621, 0.3067, 0.0000], t=0.0003)
servoj([-0.9376, -2.0940, -0.3051, -1.1642, 0.3051, 0.0000], t=0.0003)
servoj([-0.9368, -2.0940, -0.3035, -1.1663, 0.3035, 0.0000], t=0.0003)
servoj([-0.9361, -2.0940, -0.3019, -1.1684, 0.3019, 0.0000], t=0.0003)
servoj([-0.9353, -2.0940, -0.3004, -1.1705, 0.3004, 0.0000], t=0.0003)
servoj([-0.9345, -2.0940, -0.2988, -1.1726, 0.2988, 0.0000], t=0.0003)
servoj([-0.9337, -2.0940, -0.2972, -1.1746, 0.2972, 0.0000], t=0.0003)
servoj([-0.9329, -2.0940, -0.2956, -1.1767, 0.2956, 0.0000], t=0.0003)
servoj([-0.9321, -2.0940, -0.2941, -1.1788, 0.2941, 0.0000], t=0.0003)
servoj([-0.9313, -2.0940, -0.2925, -1.1809, 0.2925, 0.0000], t=0.0003)
servoj([-0.9306, -2.0940, -0.2909, -1.1830, 0.2909, 0.0000], t=0.0003)
servoj([-0.9298, -2.0940, -0.2894, -1.1851, 0.2894, 0.0000], t=0.0003)
servoj([-0.9290, -2.0940, -0.2878, -1.1872, 0.2878, 0.0000], t=0.0003)
servoj([-0.9282, -2.0940, -0.2862, -1.1893, 0.2862, 0.0000], t=0.0003)
servoj([-0.9274, -2.0940, -0.2846, -1.1914, 0.2846, 0.0000], t=0.0003)
servoj([-0.9266, -2.0940, -0.2831, -1.1935, 0.2831, 0.0000], t=0.0003)
servoj([-0.9258, -2.0940, -0.2815, -1.1956, 0.2815, 0.0000], t=0.0003)
servoj([-0.9250, -2.0940, -0.2799, -1.1977, 0.2799, 0.0000], t=0.0003)
servoj([-0.9243, -2.0940, -0.2783, -1.1998, 0.2783, 0.0000], t=0.0003)
servoj([-0.9235, -2.0940, -0.2768, -1.2019, 0.2768, 0.0000], t=0.0003)
servoj([-0.9227, -2.0940, -0.2752, -1.2040, 0.2752, 0.0000], t=0.0003)
servoj([-0.9219, -2.0940, -0.2736, -1.2061, 0.2736, 0.0000], t=0.0003)
servoj([-0.9211, -2.0940, -0.2721, -1.2082, 0.2721, 0.0000], t=0.0003)
servoj([-0.9203, -2.0940, -0.2705, -1.2103, 0.2705, 0.0000], t=0.0003)
servoj([-0.9195, -2.0940, -0.2689, -1.2124, 0.2689, 0.0000], t=0.0003)
servoj([-0.9188, -2.0940, -0.2673, -1.2145, 0.2673, 0.0000], t=0.0003)
servoj([-0.9180, -2.0940, -0.2658, -1.2166, 0.2658, 0.0000], t=0.0003)
servoj([-0.9172, -2.0940, -0.2642, -1.2187, 0.2642, 0.0000], t=0.0003)
servoj([-0.9164, -2.0940, -0.2626, -1.2208, 0.2626, 0.0000], t=0.0003)
servoj([-0.9156, -2.0940, -0.2610, -1.2229, 0.2610, 0.0000], t=0.0003)
servoj([-0.9148, -2.0940, -0.2595, -1.2250, 0.2595, 0.0000], t=0.0003)
servoj([-0.9140, -2.0940, -0.2579, -1.2271, 0.2579, 0.0000], t=0.0003)
servoj([-0.9132, -2.0940, -0.2563, -1.2292, 0.2563, 0.0000], t=0.0003)
servoj([-0.9125, -2.0940, -0.2548, -1.2313, 0.2548, 0.0000], t=0.0003)
servoj([-0.9117, -2.0940, -0.2532, -1.2334, 0.2532, 0.0000], t=0.0003)
servoj([-0.9109, -2.0940, -0.2516, -1.2355, 0.2516, 0.0000], t=0.0003)
servoj([-0.9101, -2.0940, -0.2500, -1.2376, 0.2500, 0.0000], t=0.0003)
servoj([-0.9093, -2.0940, -0.2485, -1.2397, 0.2485, 0.0000], t=0.0003)
servoj([-0.9085, -2.0940, -0.2469, -1.2418, 0.2469, 0.0000], t=0.0003)
servoj([-0.9077, -2.0940, -0.2453, -1.2439, 0.2453, 0.0000], t=0.0003)
servoj([-0.9070, -2.0940, -0.2437, -1.2459, 0.2437, 0.0000], t=0.0003)
servoj([-0.9062, -2.0940, -0.2422, -1.2480, 0.2422, 0.0000], t=0.0003)
servoj([-0.9054, -2.0940, -0.2406, -1.2501, 0.2406, 0.0000], t=0.0003)
servoj([-0.9046, -2.0940, -0.2390, -1.2522, 0.2390, 0.0000], t=0.0003)
servoj([-0.9038, -2.0940, -0.2375, -1.2543, 0.2375, 0.0000], t=0.0003)
servoj([-0.9030, -2.0940, -0.2359, -1.2564, 0.2359, 0.0000], t=0.0003)
servoj([-0.9022, -2.0940, -0.2343, -1.2585, 0.2343, 0.0000], t=0.0003)
servoj([-0.9014, -2.0940, -0.2327, -1.2606, 0.2327, 0.0000], t=0.0003)
servoj([-0.9007, -2.0940, -0.2312, -1.2627, 0.2312, 0.0000], t=0.0003)
servoj([-0.8999, -2.0940, -0.2296, -1.2648, 0.2296, 0.0000], t=0.0003)
servoj([-0.8991, -2.0940, -0.2280, -1.2669, 0.2280, 0.0000], t=0.0003)
servoj([-0.8983, -2.0940, -0.2265, -1.2690, 0.2265, 0.0000], t=0.0003)
servoj([-0.8975, -2.0940, -0.2249, -1.2711, 0.2249, 0.0000], t=0.0003)
servoj([-0.8967, -2.0940, -0.2233, -1.2732, 0.2233, 0.0000], t=0.0003)
servoj([-0.8959, -2.0940, -0.2217, -1.2753, 0.2217, 0.0000], t=0.0003)
servoj([-0.8952, -2.0940, -0.2202, -1.2774, 0.2202, 0.0000], t=0.0003)
servoj([-0.8944, -2.0940, -0.2186, -1.2795, 0.2186, 0.0000], t=0.0003)
servoj([-0.8936, -2.0940, -0.2170, -1.2816, 0.2170, 0.0000], t=0.0003)
servoj([-0.8928, -2.0940, -0.2154, -1.2837, 0.2154, 0.0000], t=0.0003)
servoj([-0.8920, -2.0940, -0.2139, -1.2858, 0.2139, 0.0000], t=0.0003)
servoj([-0.8912, -2.0940, -0.2123, -1.2879, 0.2123, 0.0000], t=0.0003)
servoj([-0.8904, -2.0940, -0.2107, -1.2900, 0.2107, 0.0000], t=0.0003)
servoj([-0.8896, -2.0940, -0.2092, -1.2921, 0.2092, 0.0000], t=0.0003)
servoj([-0.8889, -2.0940, -0.2076, -1.2942, 0.2076, 0.0000], t=0.0003)
servoj([-0.8881, -2.0940, -0.2060, -1.2963, 0.2060, 0.0000], t=0.0003)
servoj([-0.8873, -2.0940, -0.2044, -1.2984, 0.2044, 0.0000], t=0.0003)
servoj([-0.8865, -2.0940, -0.2029, -1.3005, 0.2029, 0.0000], t=0.0003)
servoj([-0.8857, -2.0940, -0.2013, -1.3026, 0.2013, 0.0000], t=0.0003)
servoj([-0.8849, -2.0940, -0.1997, -1.3047, 0.1997, 0.0000], t=0.0003)
servoj([-0.8841, -2.0940, -0.1981, -1.3068, 0.1981, 0.0000], t=0.0003)
servoj([-0.8833, -2.0940, -0.1966, -1.3089, 0.1966, 0.0000], t=0.0003)
servoj([-0.8826, -2.0940, -0.1950, -1.3110, 0.1950, 0.0000], t=0.0003)
servoj([-0.8818, -2.0940, -0.1934, -1.3131, 0.1934, 0.0000], t=0.0003)
servoj([-0.8810, -2.0940, -0.1919, -1.3152, 0.1919, 0.0000], t=0.0003)
servoj([-0.8802, -2.0940, -0.1903, -1.3173, 0.1903, 0.0000], t=0.0003)
servoj([-0.8794, -2.0940, -0.1887, -1.3193, 0.1887, 0.0000], t=0.0003)
servoj([-0.8786, -2.0940, -0.1871, -1.3214, 0.1871, 0.0000], t=0.0003)
servoj([-0.8778, -2.0940, -0.1856, -1.3235, 0.1856, 0.0000], t=0.0003)
servoj([-0.8771, -2.0940, -0.1840, -1.3256, 0.1840, 0.0000], t=0.0003)
servoj([-0.8763, -2.0940, -0.1824, -1.3277, 0.1824, 0.0000], t=0.0003)
servoj([-0.8755, -2.0940, -0.1808, -1.3298, 0.1808, 0.0000], t=0.0003)
servoj([-0.8747, -2.0940, -0.1793, -1.3319, 0.1793, 0.0000], t=0.0003)
servoj([-0.8739, -2.0940, -0.1777, -1.3340, 0.1777, 0.0000], t=0.0003)
servoj([-0.8731, -2.0940, -0.1761, -1.3361, 0.1761, 0.0000], t=0.0003)
servoj([-0.8723, -2.0940, -0.1746, -1.3382, 0.1746, 0.0000], t=0.0003)
servoj([-0.8715, -2.0940, -0.1730, -1.3403, 0.1730, 0.0000], t=0.0003)
servoj([-0.8708, -2.0940, -0.1714, -1.3424, 0.1714, 0.0000], t=0.0003)
servoj([-0.8700, -2.0940, -0.1698, -1.3445, 0.1698, 0.0000], t=0.0003)
servoj([-0.8692, -2.0940, -0.1683, -1.3466, 0.1683, 0.0000], t=0.0003)
servoj([-0.8684, -2.0940, -0.1667, -1.3487, 0.1667, 0.0000], t=0.0003)
servoj([-0.8676, -2.0940, -0.1651, -1.3508, 0.1651, 0.0000], t=0.0003)
servoj([-0.8668, -2.0940, -0.1635, -1.3529, 0.1635, 0.0000], t=0.0003)
servoj([-0.8660, -2.0940, -0.1620, -1.3550, 0.1620, 0.0000], t=0.0003)
servoj([-0.8653, -2.0940, -0.1604, -1.3571, 0.1604, 0.0000], t=0.0003)
servoj([-0.8645, -2.0940, -0.1588, -1.3592, 0.1588, 0.0000], t=0.0003)
servoj([-0.8637, -2.0940, -0.1573, -1.3613, 0.1573, 0.0000], t=0.0003)
servoj([-0.8629, -2.0940, -0.1557, -1.3634, 0.1557, 0.0000], t=0.0003)
servoj([-0.8621, -2.0940, -0.1541, -1.3655, 0.1541, 0.0000], t=0.0003)
servoj([-0.8613, -2.0940, -0.1525, -1.3676, 0.1525, 0.0000], t=0.0003)
servoj([-0.8605, -2.0940, -0.1510, -1.3697, 0.1510, 0.0000], t=0.0003)
servoj([-0.8597, -2.0940, -0.1494, -1.3718, 0.1494, 0.0000], t=0.0003)
servoj([-0.8590, -2.0940, -0.1478, -1.3739, 0.1478, 0.0000], t=0.0003)
servoj([-0.8582, -2.0940, -0.1462, -1.3760, 0.1462, 0.0000], t=0.0003)
servoj([-0.8574, -2.0940, -0.1447, -1.3781, 0.1447, 0.0000], t=0.0003)
servoj([-0.8566, -2.0940, -0.1431, -1.3802, 0.1431, 0.0000], t=0.0003)
servoj([-0.8558, -2.0940, -0.1415, -1.3823, 0.1415, 0.0000], t=0.0003)
servoj([-0.8550, -2.0940, -0.1400, -1.3844, 0.1400, 0.0000], t=0.0003)
servoj([-0.8542, -2.0940, -0.1384, -1.3865, 0.1384, 0.0000], t=0.0003)
servoj([-0.8535, -2.0940, -0.1368, -1.3886, 0.1368, 0.0000], t=0.0003)
servoj([-0.8527, -2.0940, -0.1352, -1.3906, 0.1352, 0.0000], t=0.0003)
servoj([-0.8519, -2.0940, -0.1337, -1.3927, 0.1337, 0.0000], t=0.0003)
servoj([-0.8511, -2.0940, -0.1321, -1.3948, 0.1321, 0.0000], t=0.0003)
servoj([-0.8503, -2.0940, -0.1305, -1.3969, 0.1305, 0.0000], t=0.0003)
servoj([-0.8495, -2.0940, -0.1290, -1.3990, 0.1290, 0.0000], t=0.0003)
servoj([-0.8487, -2.0940, -0.1274, -1.4011, 0.1274, 0.0000], t=0.0003)
servoj([-0.8479, -2.0940, -0.1258, -1.4032, 0.1258, 0.0000], t=0.0003)
servoj([-0.8472, -2.0940, -0.1242, -1.4053, 0.1242, 0.0000], t=0.0003)
servoj([-0.8464, -2.0940, -0.1227, -1.4074, 0.1227, 0.0000], t=0.0003)
servoj([-0.8456, -2.0940, -0.1211, -1.4095, 0.1211, 0.0000], t=0.0003)
servoj([-0.8448, -2.0940, -0.1195, -1.4116, 0.1195, 0.0000], t=0.0003)
servoj([-0.8440, -2.0940, -0.1179, -1.4137, 0.1179, 0.0000], t=0.0003)
servoj([-0.8432, -2.0940, -0.1164, -1.4158, 0.1164, 0.0000], t=0.0003)
servoj([-0.8424, -2.0940, -0.1148, -1.4179, 0.1148, 0.0000], t=0.0003)
servoj([-0.8416, -2.0940, -0.1132, -1.4200, 0.1132, 0.0000], t=0.0003)
servoj([-0.8409, -2.0940, -0.1117, -1.4221, 0.1117, 0.0000], t=0.0003)
servoj([-0.8401, -2.0940, -0.1101, -1.4242, 0.1101, 0.0000], t=0.0003)
servoj([-0.8393, -2.0940, -0.1085, -1.4263, 0.1085, 0.0000], t=0.0003)
servoj([-0.8385, -2.0940, -0.1069, -1.4284, 0.1069, 0.0000], t=0.0003)
servoj([-0.8377, -2.0940, -0.1054, -1.4305, 0.1054, 0.0000], t=0.0003)
servoj([-0.8369, -2.0940, -0.1038, -1.4326, 0.1038, 0.0000], t=0.0003)
servoj([-0.8361, -2.0940, -0.1022, -1.4347, 0.1022, 0.0000], t=0.0003)
servoj([-0.8354, -2.0940, -0.1006, -1.4368, 0.1006, 0.0000], t=0.0003)
servoj([-0.8346, -2.0940, -0.0991, -1.4389, 0.0991, 0.0000], t=0.0003)
servoj([-0.8338, -2.0940, -0.0975, -1.4410, 0.0975, 0.0000], t=0.0003)
servoj([-0.8330, -2.0940, -0.0959, -1.4431, 0.0959, 0.0000], t=0.0003)
servoj([-0.8322, -2.0940, -0.0944, -1.4452, 0.0944, 0.0000], t=0.0003)
servoj([-0.8314, -2.0940, -0.0928, -1.4473, 0.0928, 0.0000], t=0.0003)
servoj([-0.8306, -2.0940, -0.0912, -1.4494, 0.0912, 0.0000], t=0.0003)
servoj([-0.8298, -2.0940, -0.0896, -1.4515, 0.0896, 0.0000], t=0.0003)
servoj([-0.8291, -2.0940, -0.0881, -1.4536, 0.0881, 0.0000], t=0.0003)
servoj([-0.8283, -2.0940, -0.0865, -1.4557, 0.0865, 0.0000], t=0.0003)
servoj([-0.8275, -2.0940, -0.0849, -1.4578, 0.0849, 0.0000], t=0.0003)
servoj([-0.8267, -2.0940, -0.0833, -1.4599, 0.0833, 0.0000], t=0.0003)
servoj([-0.8259, -2.0940, -0.0818, -1.4620, 0.0818, 0.0000], t=0.0003)
servoj([-0.8251, -2.0940, -0.0802, -1.4640, 0.0802, 0.0000], t=0.0003)
servoj([-0.8243, -2.0940, -0.0786, -1.4661, 0.0786, 0.0000], t=0.0003)
servoj([-0.8236, -2.0940, -0.0771, -1.4682, 0.0771, 0.0000], t=0.0003)
servoj([-0.8228, -2.0940, -0.0755, -1.4703, 0.0755, 0.0000], t=0.0003)
servoj([-0.8220, -2.0940, -0.0739, -1.4724, 0.0739, 0.0000], t=0.0003)
servoj([-0.8212, -2.0940, -0.0723, -1.4745, 0.0723, 0.0000], t=0.0003)
servoj([-0.8204, -2.0940, -0.0708, -1.4766, 0.0708, 0.0000], t=0.0003)
servoj([-0.8196, -2.0940, -0.0692, -1.4787, 0.0692, 0.0000], t=0.0003)
servoj([-0.8188, -2.0940, -0.0676, -1.4808, 0.0676, 0.0000], t=0.0003)
servoj([-0.8180, -2.0940, -0.0660, -1.4829, 0.0660, 0.0000], t=0.0003)
servoj([-0.8173, -2.0940, -0.0645, -1.4850, 0.0645, 0.0000], t=0.0003)
servoj([-0.8165, -2.0940, -0.0629, -1.4871, 0.0629, 0.0000], t=0.0003)
servoj([-0.8157, -2.0940, -0.0613, -1.4892, 0.0613, 0.0000], t=0.0003)
servoj([-0.8149, -2.0940, -0.0598, -1.4913, 0.0598, 0.0000], t=0.0003)
servoj([-0.8141, -2.0940, -0.0582, -1.4934, 0.0582, 0.0000], t=0.0003)
servoj([-0.8133, -2.0940, -0.0566, -1.4955, 0.0566, 0.0000], t=0.0003)
servoj([-0.8125, -2.0940, -0.0550, -1.4976, 0.0550, 0.0000], t=0.0003)
servoj([-0.8118, -2.0940, -0.0535, -1.4997, 0.0535, 0.0000], t=0.0003)
servoj([-0.8110, -2.0940, -0.0519, -1.5018, 0.0519, 0.0000], t=0.0003)
servoj([-0.8102, -2.0940, -0.0503, -1.5039, 0.0503, 0.0000], t=0.0003)
servoj([-0.8094, -2.0940, -0.0487, -1.5060, 0.0487, 0.0000], t=0.0003)
servoj([-0.8086, -2.0940, -0.0472, -1.5081, 0.0472, 0.0000], t=0.0003)
servoj([-0.8078, -2.0940, -0.0456, -1.5102, 0.0456, 0.0000], t=0.0003)
servoj([-0.8070, -2.0940, -0.0440, -1.5123, 0.0440, 0.0000], t=0.0003)
servoj([-0.8062, -2.0940, -0.0425, -1.5144, 0.0425, 0.0000], t=0.0003)
servoj([-0.8055, -2.0940, -0.0409, -1.5165, 0.0409, 0.0000], t=0.0003)
servoj([-0.8047, -2.0940, -0.0393, -1.5186, 0.0393, 0.0000], t=0.0003)
servoj([-0.8039, -2.0940, -0.0377, -1.5207, 0.0377, 0.0000], t=0.0003)
servoj([-0.8031, -2.0940, -0.0362, -1.5228, 0.0362, 0.0000], t=0.0003)
servoj([-0.8023, -2.0940, -0.0346, -1.5249, 0.0346, 0.0000], t=0.0003)
servoj([-0.8015, -2.0940, -0.0330, -1.5270, 0.0330, 0.0000], t=0.0003)
servoj([-0.8007, -2.0940, -0.0315, -1.5291, 0.0315, 0.0000], t=0.0003)
servoj([-0.7999, -2.0940, -0.0299, -1.5312, 0.0299, 0.0000], t=0.0003)
servoj([-0.7992, -2.0940, -0.0283, -1.5333, 0.0283, 0.0000], t=0.0003)
servoj([-0.7984, -2.0940, -0.0267, -1.5353, 0.0267, 0.0000], t=0.0003)
servoj([-0.7976, -2.0940, -0.0252, -1.5374, 0.0252, 0.0000], t=0.0003)
servoj([-0.7968, -2.0940, -0.0236, -1.5395, 0.0236, 0.0000], t=0.0003)
servoj([-0.7960, -2.0940, -0.0220, -1.5416, 0.0220, 0.0000], t=0.0003)
servoj([-0.7952, -2.0940, -0.0204, -1.5437, 0.0204, 0.0000], t=0.0003)
servoj([-0.7944, -2.0940, -0.0189, -1.5458, 0.0189, 0.0000], t=0.0003)
servoj([-0.7937, -2.0940, -0.0173, -1.5479, 0.0173, 0.0000], t=0.0003)
servoj([-0.7929, -2.0940, -0.0157, -1.5500, 0.0157, 0.0000], t=0.0003)
servoj([-0.7921, -2.0940, -0.0142, -1.5521, 0.0142, 0.0000], t=0.0003)
servoj([-0.7913, -2.0940, -0.0126, -1.5542, 0.0126, 0.0000], t=0.0003)
servoj([-0.7905, -2.0940, -0.0110, -1.5563, 0.0110, 0.0000], t=0.0003)
servoj([-0.7897, -2.0940, -0.0094, -1.5584, 0.0094, 0.0000], t=0.0003)
servoj([-0.7889, -2.0940, -0.0079, -1.5605, 0.0079, 0.0000], t=0.0003)
servoj([-0.7881, -2.0940, -0.0063, -1.5626, 0.0063, 0.0000], t=0.0003)
servoj([-0.7874, -2.0940, -0.0047, -1.5647, 0.0047, 0.0000], t=0.0003)
servoj([-0.7866, -2.0940, -0.0031, -1.5668, 0.0031, 0.0000], t=0.0003)
servoj([-0.7858, -2.0940, -0.0016, -1.5689, 0.0016, 0.0000], t=0.0003)
servoj([-0.7850, -2.0940, 0.0000, -1.5710, 0.0000, 0.0000], t=0.0003)
