2 0.29375 0.8020833333333334 0.315625 0.8125 0.334375 0.8270833333333333 0.3453125 0.8416666666666667 0.359375 0.86875 0.3640625 0.8875 0.3625 0.9291666666666667 0.3578125 0.95 0.3484375 0.975 0.334375 0.99375 0.328125 0.9979166666666667 0.1984375 0.9979166666666667 0.1875 0.9854166666666667 0.175 0.9583333333333334 0.1734375 0.93125 0.171875 0.9291666666666667 0.171875 0.9083333333333333 0.18125 0.86875 0.1921875 0.8479166666666667 0.2125 0.8270833333333333 0.253125 0.8020833333333334 0.2578125 0.8 0.2921875 0.8020833333333334
2 0.1125 0.5875 0.1125 0.5979166666666667 0.109375 0.6104166666666667 0.1125 0.6416666666666667 0.121875 0.66875 0.1484375 0.7083333333333334 0.15 0.71875 0.1359375 0.7270833333333333 0.1234375 0.725 0.1015625 0.7083333333333334 0.0875 0.6875 0.0875 0.6833333333333333 0.084375 0.6791666666666667 0.08125 0.6666666666666666 0.08125 0.6375 0.084375 0.6291666666666667 0.084375 0.6229166666666667 0.090625 0.6083333333333333 0.1015625 0.59375 0.1109375 0.5895833333333333
2 0.2640625 0.5958333333333333 0.2734375 0.6166666666666667 0.290625 0.6354166666666666 0.3078125 0.6458333333333334 0.3140625 0.6458333333333334 0.3203125 0.65 0.334375 0.65 0.34375 0.65625 0.35625 0.6583333333333333 0.359375 0.6645833333333333 0.359375 0.6854166666666667 0.3546875 0.7 0.35 0.70625 0.33125 0.6958333333333333 0.3015625 0.7 0.2796875 0.7083333333333334 0.2703125 0.7145833333333333 0.2546875 0.7333333333333333 0.2484375 0.7333333333333333 0.24375 0.7270833333333333 0.24375 0.7083333333333334 0.2484375 0.69375 0.253125 0.6875 0.2609375 0.66875 0.2625 0.625 0.2578125 0.60625 0.2578125 0.5979166666666667 0.2625 0.5958333333333333
2 0.171875 0.5354166666666667 0.2078125 0.55625 0.2328125 0.5770833333333333 0.2546875 0.6020833333333333 0.259375 0.6166666666666667 0.2609375 0.6520833333333333 0.2546875 0.6791666666666667 0.2390625 0.7020833333333333 0.2203125 0.7145833333333333 0.209375 0.71875 0.1796875 0.71875 0.1578125 0.7125 0.1515625 0.7083333333333334 0.1265625 0.675 0.1140625 0.64375 0.1109375 0.6083333333333333 0.115625 0.59375 0.1171875 0.58125 0.14375 0.5458333333333333 0.165625 0.5354166666666667 0.1703125 0.5354166666666667
2 0.2640625 0.3333333333333333 0.26875 0.3375 0.2734375 0.3375 0.278125 0.3416666666666667 0.2875 0.34375 0.2921875 0.34791666666666665 0.296875 0.34791666666666665 0.325 0.3625 0.33125 0.3729166666666667 0.334375 0.39166666666666666 0.334375 0.41041666666666665 0.3328125 0.41458333333333336 0.2859375 0.46875 0.2796875 0.47291666666666665 0.2609375 0.47291666666666665 0.24375 0.46041666666666664 0.225 0.4375 0.21875 0.42291666666666666 0.215625 0.4083333333333333 0.215625 0.37916666666666665 0.2203125 0.3625 0.2265625 0.35 0.24375 0.33125 0.253125 0.32916666666666666 0.2625 0.3333333333333333
0 0.703125 0.7979166666666667 0.7078125 0.80625 0.69375 0.8166666666666667 0.690625 0.8166666666666667 0.653125 0.8458333333333333 0.6328125 0.85625 0.609375 0.8333333333333334 0.590625 0.8229166666666666 0.5921875 0.81875 0.60625 0.8166666666666667 0.6265625 0.8041666666666667 0.6421875 0.7979166666666667 0.696875 0.7979166666666667 0.6984375 0.7958333333333333 0.7015625 0.7979166666666667
0 0.5671875 0.7 0.56875 0.7020833333333333 0.5828125 0.7020833333333333 0.5984375 0.7083333333333334 0.6375 0.75 0.665625 0.75 0.6671875 0.7520833333333333 0.696875 0.75 0.7015625 0.7520833333333333 0.70625 0.7583333333333333 0.70625 0.7729166666666667 0.7015625 0.79375 0.7 0.7958333333333333 0.68125 0.7958333333333333 0.6796875 0.7979166666666667 0.66875 0.7916666666666666 0.6640625 0.79375 0.6421875 0.79375 0.6140625 0.8104166666666667 0.5875 0.8125 0.5859375 0.8145833333333333 0.5625 0.8145833333333333 0.5453125 0.8208333333333333 0.5359375 0.8208333333333333 0.509375 0.8 0.49375 0.79375 0.465625 0.7916666666666666 0.45 0.7979166666666667 0.428125 0.8125 0.4140625 0.83125 0.4 0.8583333333333333 0.39375 0.8833333333333333 0.39375 0.8979166666666667 0.3921875 0.9 0.39375 0.9395833333333333 0.4078125 0.98125 0.415625 0.99375 0.4140625 0.9979166666666667 0.3484375 0.9979166666666667 0.346875 0.9958333333333333 0.3484375 0.98125 0.3609375 0.9520833333333333 0.365625 0.9291666666666667 0.36875 0.88125 0.3875 0.8395833333333333 0.4109375 0.8020833333333334 0.4546875 0.75 0.475 0.73125 0.4953125 0.7166666666666667 0.50625 0.7104166666666667 0.51875 0.7083333333333334 0.5328125 0.7020833333333333 0.5515625 0.7020833333333333 0.553125 0.7 0.565625 0.7020833333333333
0 0.51875 0.3645833333333333 0.5421875 0.375 0.5515625 0.38333333333333336 0.5640625 0.4041666666666667 0.5703125 0.4270833333333333 0.5765625 0.4354166666666667 0.6046875 0.4479166666666667 0.61875 0.46041666666666664 0.625 0.47291666666666665 0.6265625 0.48333333333333334 0.6234375 0.49375 0.615625 0.4979166666666667 0.6 0.4979166666666667 0.5984375 0.49583333333333335 0.590625 0.4979166666666667 0.5875 0.49583333333333335 0.58125 0.5020833333333333 0.575 0.5020833333333333 0.565625 0.4895833333333333 0.5671875 0.4875 0.5640625 0.48125 0.553125 0.48125 0.5421875 0.4875 0.5234375 0.4791666666666667 0.509375 0.47708333333333336 0.496875 0.4666666666666667 0.4890625 0.45625 0.4703125 0.44583333333333336 0.4515625 0.44583333333333336 0.434375 0.45208333333333334 0.4125 0.47291666666666665 0.40625 0.48333333333333334 0.396875 0.4895833333333333 0.3921875 0.4895833333333333 0.3765625 0.4708333333333333 0.3640625 0.46041666666666664 0.3578125 0.4583333333333333 0.35 0.4583333333333333 0.3484375 0.46041666666666664 0.3109375 0.4583333333333333 0.3 0.4666666666666667 0.296875 0.4666666666666667 0.2828125 0.48333333333333334 0.271875 0.5104166666666666 0.2625 0.55 0.25625 0.5416666666666666 0.25625 0.5291666666666667 0.2640625 0.5083333333333333 0.271875 0.4979166666666667 0.278125 0.48333333333333334 0.3046875 0.4479166666666667 0.3109375 0.44375 0.33125 0.42083333333333334 0.35 0.4083333333333333 0.359375 0.40625 0.365625 0.4 0.3859375 0.39166666666666666 0.39375 0.3854166666666667 0.3984375 0.3854166666666667 0.4078125 0.37916666666666665 0.415625 0.37916666666666665 0.4265625 0.3729166666666667 0.4421875 0.37083333333333335 0.4578125 0.3645833333333333 0.46875 0.3645833333333333 0.4703125 0.3625 0.5125 0.3625 0.5171875 0.3645833333333333
4 0.5921875 0.2604166666666667 0.6015625 0.26666666666666666 0.60625 0.27291666666666664 0.6078125 0.2791666666666667 0.609375 0.30833333333333335 0.6109375 0.3104166666666667 0.609375 0.33541666666666664 0.60625 0.3541666666666667 0.59375 0.38125 0.575 0.39375 0.5640625 0.39375 0.546875 0.375 0.5296875 0.3645833333333333 0.5265625 0.35625 0.5265625 0.33541666666666664 0.528125 0.3333333333333333 0.53125 0.3 0.5359375 0.28125 0.5453125 0.26458333333333334 0.559375 0.25416666666666665 0.5765625 0.25416666666666665 0.590625 0.2604166666666667
3 0.5765625 0.81875 0.6078125 0.8333333333333334 0.6203125 0.8458333333333333 0.628125 0.85625 0.628125 0.8604166666666667 0.6140625 0.8729166666666667 0.5640625 0.9083333333333333 0.559375 0.9083333333333333 0.55625 0.8708333333333333 0.553125 0.8583333333333333 0.5421875 0.8333333333333334 0.5421875 0.8270833333333333 0.553125 0.8208333333333333 0.575 0.81875
3 0.3375 0.7020833333333333 0.3515625 0.7104166666666667 0.3671875 0.73125 0.3765625 0.7479166666666667 0.3828125 0.7645833333333333 0.3875 0.7854166666666667 0.3875 0.8270833333333333 0.3859375 0.8354166666666667 0.365625 0.8770833333333333 0.3515625 0.8479166666666667 0.3328125 0.8229166666666666 0.3109375 0.80625 0.296875 0.8 0.25625 0.7958333333333333 0.25 0.7854166666666667 0.246875 0.7729166666666667 0.246875 0.7604166666666666 0.2515625 0.74375 0.2703125 0.7166666666666667 0.284375 0.7083333333333334 0.303125 0.7020833333333333 0.3125 0.7020833333333333 0.3140625 0.7 0.334375 0.7 0.3359375 0.7020833333333333
3 0.1 0.39166666666666666 0.1015625 0.39375 0.1109375 0.39375 0.134375 0.40625 0.1515625 0.42916666666666664 0.1578125 0.44166666666666665 0.1640625 0.4625 0.1640625 0.5083333333333333 0.159375 0.5291666666666667 0.15625 0.5354166666666667 0.14375 0.5416666666666666 0.1328125 0.5520833333333334 0.1140625 0.5791666666666667 0.1046875 0.5833333333333334 0.0859375 0.58125 0.071875 0.575 0.05625 0.5625 0.0421875 0.5458333333333333 0.0296875 0.5166666666666667 0.0265625 0.4979166666666667 0.0296875 0.45625 0.0328125 0.44375 0.0421875 0.42291666666666666 0.05625 0.40625 0.0734375 0.3958333333333333 0.0984375 0.39166666666666666
3 0.403125 0.33541666666666664 0.4078125 0.3416666666666667 0.409375 0.35208333333333336 0.4140625 0.3625 0.415625 0.36875 0.4140625 0.375 0.359375 0.4 0.3421875 0.4125 0.3359375 0.41041666666666665 0.3359375 0.39375 0.334375 0.39166666666666666 0.334375 0.3729166666666667 0.3421875 0.35833333333333334 0.36875 0.3333333333333333 0.3953125 0.33125 0.4015625 0.33541666666666664
5 0.6890625 0.5354166666666667 0.7 0.54375 0.71875 0.5708333333333333 0.728125 0.5895833333333333 0.7328125 0.6125 0.73125 0.6354166666666666 0.7296875 0.6375 0.7296875 0.6541666666666667 0.73125 0.65625 0.7296875 0.6833333333333333 0.715625 0.7166666666666667 0.7015625 0.7354166666666667 0.690625 0.74375 0.671875 0.74375 0.64375 0.7291666666666666 0.6296875 0.7291666666666666 0.615625 0.7229166666666667 0.596875 0.7 0.590625 0.6833333333333333 0.5875 0.6666666666666666 0.5875 0.625 0.590625 0.6125 0.5921875 0.5854166666666667 0.596875 0.56875 0.609375 0.55 0.6328125 0.5354166666666667 0.6609375 0.5354166666666667 0.6625 0.5333333333333333 0.6828125 0.5333333333333333 0.6875 0.5354166666666667
5 0.465625 0.4479166666666667 0.4796875 0.45208333333333334 0.4921875 0.4625 0.5015625 0.475 0.5015625 0.48125 0.4796875 0.4875 0.46875 0.49583333333333335 0.4578125 0.5104166666666666 0.4515625 0.525 0.45 0.5375 0.4390625 0.5666666666666667 0.4390625 0.5791666666666667 0.434375 0.6 0.425 0.5958333333333333 0.4109375 0.5708333333333333 0.4046875 0.5270833333333333 0.396875 0.5020833333333333 0.396875 0.49583333333333335 0.4265625 0.46041666666666664 0.4390625 0.45208333333333334 0.453125 0.4479166666666667 0.4640625 0.4479166666666667
5 0.3640625 0.46458333333333335 0.3796875 0.47708333333333336 0.39375 0.49583333333333335 0.4015625 0.5229166666666667 0.4015625 0.5333333333333333 0.403125 0.5354166666666667 0.403125 0.58125 0.396875 0.6 0.384375 0.6166666666666667 0.38125 0.6166666666666667 0.3765625 0.6229166666666667 0.3546875 0.6375 0.334375 0.6458333333333334 0.3109375 0.64375 0.2859375 0.6291666666666667 0.278125 0.6208333333333333 0.275 0.6166666666666667 0.2640625 0.5854166666666667 0.2640625 0.5541666666666667 0.2765625 0.5041666666666667 0.28125 0.4979166666666667 0.28125 0.49375 0.2875 0.48541666666666666 0.2890625 0.4791666666666667 0.2984375 0.46875 0.3140625 0.46041666666666664 0.3609375 0.4625 0.3625 0.46458333333333335
5 0.4625 0.22708333333333333 0.4921875 0.2375 0.4984375 0.24166666666666667 0.5109375 0.25833333333333336 0.5203125 0.2791666666666667 0.5234375 0.29583333333333334 0.5234375 0.30625 0.525 0.30833333333333335 0.5234375 0.3458333333333333 0.521875 0.3541666666666667 0.515625 0.36041666666666666 0.46875 0.36041666666666666 0.4671875 0.3625 0.4484375 0.3645833333333333 0.440625 0.36875 0.41875 0.36875 0.4140625 0.36041666666666666 0.40625 0.33125 0.4078125 0.3020833333333333 0.4140625 0.27708333333333335 0.428125 0.25 0.4453125 0.23125 0.4609375 0.22708333333333333
1 0.825 0.5395833333333333 0.84375 0.5458333333333333 0.859375 0.55625 0.8703125 0.5666666666666667 0.8875 0.5895833333333333 0.903125 0.625 0.9046875 0.6604166666666667 0.890625 0.675 0.7828125 0.7479166666666667 0.775 0.7479166666666667 0.7609375 0.7375 0.746875 0.7166666666666667 0.7359375 0.675 0.7359375 0.6270833333333333 0.7375 0.61875 0.746875 0.5875 0.7609375 0.5645833333333333 0.790625 0.54375 0.8078125 0.5416666666666666 0.809375 0.5395833333333333 0.8234375 0.5395833333333333
1 0.2109375 0.425 0.2171875 0.4270833333333333 0.24375 0.46458333333333335 0.253125 0.47291666666666665 0.26875 0.48125 0.2703125 0.48541666666666666 0.2703125 0.49375 0.259375 0.5125 0.253125 0.5291666666666667 0.253125 0.5395833333333333 0.25625 0.55 0.2609375 0.55625 0.2609375 0.5645833333333333 0.2578125 0.5708333333333333 0.246875 0.5791666666666667 0.2375 0.5791666666666667 0.2203125 0.5625 0.2 0.55 0.196875 0.5458333333333333 0.190625 0.54375 0.1875 0.5395833333333333 0.184375 0.5395833333333333 0.18125 0.5354166666666667 0.1640625 0.53125 0.1640625 0.5145833333333333 0.1671875 0.5 0.165625 0.45208333333333334 0.1859375 0.43333333333333335 0.1984375 0.4270833333333333 0.209375 0.425
1 0.5859375 0.41875 0.5828125 0.43333333333333335 0.615625 0.45416666666666666 0.628125 0.4895833333333333 0.596875 0.50625 0.596875 0.5208333333333334 0.6125 0.5375 0.6875 0.53125 0.7109375 0.5041666666666667 0.7234375 0.4708333333333333 0.71875 0.4125 0.7 0.38125 0.6828125 0.36875 0.628125 0.375
1 0.440625 0.5708333333333333 0.4375 0.61875 0.4484375 0.6541666666666667 0.46875 0.6770833333333334 0.5046875 0.69375 0.5328125 0.69375 0.55625 0.6854166666666667 0.5765625 0.6645833333333333 0.5859375 0.5541666666666667 0.5671875 0.5145833333333333 0.540625 0.49583333333333335 0.5203125 0.48541666666666666 0.471875 0.49583333333333335 0.4546875 0.5208333333333334
1 0.36875 0.6895833333333333 0.3671875 0.725 0.390625 0.7833333333333333 0.4046875 0.7979166666666667 0.4140625 0.7958333333333333 0.465625 0.7354166666666667 0.50625 0.70625 0.4546875 0.6666666666666666 0.434375 0.61875 0.396875 0.6333333333333333
5 0.39375 0.9020833333333333 0.396875 0.9458333333333333 0.4203125 0.9979166666666667 0.4375 0.9979166666666667 0.5578125 0.90625 0.5515625 0.8604166666666667 0.5375 0.8270833333333333 0.5078125 0.8020833333333334 0.4890625 0.7958333333333333 0.45625 0.7979166666666667 0.4265625 0.81875 0.403125 0.85625
5 0.1 0.8020833333333334 0.1 0.84375 0.1109375 0.8875 0.1328125 0.9166666666666666 0.146875 0.9270833333333334 0.1640625 0.9270833333333334 0.1901046875 0.8486104166666667 0.2078125 0.8270833333333333 0.25 0.8 0.25 0.7895833333333333 0.2203125 0.7375 0.19375 0.725 0.171875 0.725 0.1234375 0.7541666666666667