3 0.2765625 0.5583333333333333 0.303125 0.575 0.3171875 0.5895833333333333 0.328125 0.60625 0.3390625 0.6291666666666667 0.3390625 0.6354166666666666 0.3453125 0.6583333333333333 0.34375 0.6666666666666666 0.3359375 0.6708333333333333 0.3265625 0.6708333333333333 0.3109375 0.6770833333333334 0.2921875 0.6791666666666667 0.278125 0.6854166666666667 0.24375 0.6916666666666667 0.2296875 0.6979166666666666 0.203125 0.7020833333333333 0.1953125 0.70625 0.178125 0.7083333333333334 0.1703125 0.7125 0.159375 0.7125 0.15 0.7166666666666667 0.134375 0.7166666666666667 0.1328125 0.7145833333333333 0.134375 0.69375 0.1390625 0.6708333333333333 0.1421875 0.6625 0.1734375 0.6125 0.1796875 0.5979166666666667 0.190625 0.5833333333333334 0.20625 0.5708333333333333 0.225 0.5604166666666667 0.2515625 0.5583333333333333 0.253125 0.55625 0.275 0.5583333333333333
1 0.2390625 0.51875 0.25 0.5229166666666667 0.253125 0.5270833333333333 0.25625 0.5458333333333333 0.259375 0.5520833333333334 0.2203125 0.5604166666666667 0.1921875 0.5791666666666667 0.1796875 0.5958333333333333 0.171875 0.6125 0.159375 0.63125 0.1578125 0.6375 0.14375 0.6541666666666667 0.140625 0.6520833333333333 0.1390625 0.6416666666666667 0.1390625 0.61875 0.1421875 0.6104166666666667 0.146875 0.5791666666666667 0.15625 0.55625 0.165625 0.54375 0.1875 0.5270833333333333 0.21875 0.5166666666666667 0.2375 0.51875
1 0.478125 0.48333333333333334 0.48125 0.4875 0.4875 0.4895833333333333 0.503125 0.48333333333333334 0.5171875 0.48333333333333334 0.5390625 0.49583333333333335 0.553125 0.4979166666666667 0.565625 0.5166666666666667 0.58125 0.5541666666666667 0.5828125 0.5666666666666667 0.5859375 0.5708333333333333 0.5859375 0.5791666666666667 0.590625 0.5979166666666667 0.590625 0.6083333333333333 0.5859375 0.6125 0.5265625 0.6229166666666667 0.503125 0.63125 0.4828125 0.6333333333333333 0.475 0.6375 0.465625 0.6375 0.4359375 0.6458333333333334 0.41875 0.6458333333333334 0.415625 0.6395833333333333 0.415625 0.60625 0.4234375 0.5645833333333333 0.4375 0.5270833333333333 0.4375 0.5229166666666667 0.4671875 0.48541666666666666 0.4765625 0.48333333333333334
1 0.8234375 0.33541666666666664 0.8421875 0.34375 0.859375 0.35833333333333334 0.8796875 0.39375 0.8875 0.42083333333333334 0.8875 0.4375 0.8828125 0.45 0.88125 0.4625 0.8796875 0.46458333333333335 0.871875 0.46458333333333335 0.853125 0.45625 0.8359375 0.45416666666666666 0.8265625 0.45 0.7984375 0.45 0.778125 0.4625 0.759375 0.48541666666666666 0.7546875 0.48125 0.7484375 0.46875 0.7328125 0.4479166666666667 0.709375 0.42916666666666664 0.7109375 0.42083333333333334 0.709375 0.4166666666666667 0.715625 0.4166666666666667 0.71875 0.4125 0.7203125 0.3958333333333333 0.725 0.38333333333333336 0.740625 0.3625 0.75 0.3541666666666667 0.7671875 0.34375 0.771875 0.34375 0.778125 0.33958333333333335 0.7859375 0.33958333333333335 0.796875 0.3333333333333333 0.8171875 0.3333333333333333 0.821875 0.33541666666666664
3 0.6734375 0.22708333333333333 0.696875 0.24375 0.70625 0.25625 0.709375 0.26458333333333334 0.70625 0.2708333333333333 0.6640625 0.26458333333333334 0.65625 0.2604166666666667 0.6328125 0.25625 0.61875 0.25 0.61875 0.24583333333333332 0.621875 0.24166666666666667 0.64375 0.22708333333333333 0.65 0.225 0.671875 0.22708333333333333
0 0.421875 0.20833333333333334 0.43125 0.21458333333333332 0.446875 0.23333333333333334 0.45625 0.23541666666666666 0.471875 0.2520833333333333 0.4765625 0.2833333333333333 0.484375 0.29791666666666666 0.484375 0.30416666666666664 0.4625 0.3104166666666667 0.434375 0.30833333333333335 0.4328125 0.30625 0.4234375 0.30833333333333335 0.4078125 0.30416666666666664 0.371875 0.30625 0.365625 0.3104166666666667 0.353125 0.3125 0.3328125 0.325 0.328125 0.325 0.3046875 0.34375 0.296875 0.35625 0.2890625 0.3541666666666667 0.2625 0.31875 0.25 0.3145833333333333 0.2375 0.3145833333333333 0.2328125 0.3104166666666667 0.2328125 0.30416666666666664 0.2359375 0.29583333333333334 0.2578125 0.2604166666666667 0.28125 0.23958333333333334 0.284375 0.23958333333333334 0.3 0.22708333333333333 0.340625 0.20833333333333334 0.3484375 0.20833333333333334 0.3671875 0.20208333333333334 0.396875 0.20208333333333334 0.4203125 0.20833333333333334
0 0.45625 0.18125 0.475 0.19375 0.490625 0.20833333333333334 0.5140625 0.19583333333333333 0.5296875 0.20208333333333334 0.534375 0.20833333333333334 0.5734375 0.23333333333333334 0.60625 0.24791666666666667 0.6125 0.24791666666666667 0.6203125 0.25625 0.6453125 0.2604166666666667 0.6625 0.26875 0.6921875 0.2708333333333333 0.6984375 0.275 0.7015625 0.27291666666666664 0.70625 0.275 0.7359375 0.27291666666666664 0.7375 0.275 0.7625 0.27708333333333335 0.778125 0.28125 0.7890625 0.2875 0.7984375 0.3 0.8 0.30625 0.8 0.3145833333333333 0.7953125 0.32708333333333334 0.7875 0.33541666666666664 0.7703125 0.33958333333333335 0.7484375 0.35208333333333336 0.7375 0.3625 0.7203125 0.3854166666666667 0.7140625 0.3875 0.6875 0.3875 0.6859375 0.3854166666666667 0.6765625 0.3875 0.646875 0.37916666666666665 0.6421875 0.38125 0.63125 0.3770833333333333 0.621875 0.3770833333333333 0.5734375 0.36041666666666666 0.546875 0.3458333333333333 0.534375 0.3416666666666667 0.490625 0.3020833333333333 0.4875 0.3020833333333333 0.478125 0.28125 0.478125 0.26875 0.4734375 0.24791666666666667 0.4671875 0.23958333333333334 0.4640625 0.23958333333333334 0.4546875 0.22916666666666666 0.446875 0.22708333333333333 0.4375 0.21875 0.4359375 0.2125 0.4375 0.19375 0.44375 0.18541666666666667 0.45 0.18125 0.4546875 0.18125
0 0.5515625 0.35833333333333334 0.565625 0.3625 0.5875 0.3770833333333333 0.5984375 0.38125 0.65625 0.42291666666666666 0.6625 0.43125 0.6609375 0.4354166666666667 0.6296875 0.46875 0.6046875 0.5104166666666666 0.5921875 0.50625 0.5734375 0.49375 0.5578125 0.4895833333333333 0.5375 0.49166666666666664 0.5171875 0.4791666666666667 0.50625 0.4791666666666667 0.4984375 0.48125 0.49375 0.48541666666666666 0.4859375 0.48541666666666666 0.475 0.4791666666666667 0.459375 0.45208333333333334 0.4609375 0.4395833333333333 0.4734375 0.425 0.4796875 0.42291666666666666 0.4828125 0.41875 0.4921875 0.3958333333333333 0.5078125 0.36875 0.51875 0.36041666666666666 0.5265625 0.35833333333333334 0.55 0.35833333333333334
2 0.81875 0.45208333333333334 0.840625 0.4583333333333333 0.8515625 0.4583333333333333 0.8765625 0.46875 0.9 0.48333333333333334 0.91875 0.5041666666666667 0.9234375 0.51875 0.9234375 0.5270833333333333 0.9109375 0.5333333333333333 0.83125 0.55 0.809375 0.5583333333333333 0.8015625 0.5583333333333333 0.75625 0.5708333333333333 0.7484375 0.5708333333333333 0.746875 0.56875 0.7453125 0.5479166666666667 0.74375 0.5458333333333333 0.746875 0.525 0.759375 0.4895833333333333 0.7765625 0.4666666666666667 0.79375 0.45416666666666666 0.8171875 0.45208333333333334
5 0.696875 0.42916666666666664 0.7140625 0.4375 0.734375 0.45208333333333334 0.75 0.47708333333333336 0.75625 0.49166666666666664 0.74375 0.53125 0.74375 0.5416666666666666 0.7421875 0.54375 0.74375 0.5708333333333333 0.7390625 0.575 0.7265625 0.5770833333333333 0.7140625 0.5833333333333334 0.70625 0.5833333333333334 0.6953125 0.5895833333333333 0.6875 0.5895833333333333 0.6484375 0.6020833333333333 0.6296875 0.6020833333333333 0.6234375 0.5979166666666667 0.6140625 0.58125 0.60625 0.5583333333333333 0.6046875 0.5479166666666667 0.6046875 0.5229166666666667 0.6078125 0.5166666666666667 0.6078125 0.5104166666666666 0.63125 0.46875 0.65625 0.44375 0.6609375 0.4354166666666667 0.675 0.42916666666666664 0.6953125 0.42916666666666664
5 0.234375 0.3145833333333333 0.246875 0.31875 0.2578125 0.31875 0.26875 0.32708333333333334 0.290625 0.35833333333333334 0.2921875 0.36666666666666664 0.296875 0.375 0.2984375 0.3854166666666667 0.296875 0.39166666666666666 0.284375 0.4041666666666667 0.26875 0.425 0.2609375 0.4395833333333333 0.253125 0.4625 0.2515625 0.48541666666666666 0.25 0.4875 0.25 0.5083333333333333 0.246875 0.5125 0.240625 0.5145833333333333 0.2359375 0.5125 0.2046875 0.5145833333333333 0.184375 0.49375 0.1734375 0.49166666666666664 0.153125 0.46458333333333335 0.15 0.4479166666666667 0.14375 0.43125 0.14375 0.4125 0.146875 0.39791666666666664 0.146875 0.38125 0.15 0.36875 0.159375 0.34791666666666665 0.175 0.32708333333333334 0.1859375 0.31875 0.2109375 0.3145833333333333 0.21875 0.3104166666666667 0.2296875 0.3104166666666667 0.2328125 0.3145833333333333
5 0.359375 0.32083333333333336 0.3734375 0.32708333333333334 0.3828125 0.33958333333333335 0.3828125 0.34791666666666665 0.3703125 0.37916666666666665 0.3296875 0.3770833333333333 0.3046875 0.3875 0.3 0.3854166666666667 0.2984375 0.375 0.2953125 0.36875 0.2953125 0.36041666666666666 0.2984375 0.3541666666666667 0.3234375 0.33125 0.33125 0.32708333333333334 0.3375 0.32708333333333334 0.3421875 0.3229166666666667 0.3578125 0.32083333333333336
5 0.446875 0.3145833333333333 0.4484375 0.31666666666666665 0.459375 0.31666666666666665 0.4796875 0.32916666666666666 0.490625 0.3458333333333333 0.5 0.3729166666666667 0.5 0.37916666666666665 0.4875 0.40208333333333335 0.484375 0.4125 0.478125 0.42083333333333334 0.471875 0.42291666666666666 0.459375 0.4395833333333333 0.4578125 0.45416666666666666 0.4609375 0.4583333333333333 0.4609375 0.4625 0.4640625 0.46458333333333335 0.4671875 0.47708333333333336 0.453125 0.4979166666666667 0.4421875 0.5083333333333333 0.4390625 0.5083333333333333 0.4390625 0.4791666666666667 0.434375 0.4479166666666667 0.425 0.425 0.4109375 0.4041666666666667 0.396875 0.39375 0.384375 0.38958333333333334 0.3765625 0.38333333333333336 0.3734375 0.3770833333333333 0.3828125 0.35 0.4 0.32916666666666666 0.4203125 0.31666666666666665 0.4453125 0.3145833333333333
5 0.371875 0.38333333333333336 0.3765625 0.3875 0.384375 0.38958333333333334 0.390625 0.3958333333333333 0.3984375 0.39791666666666664 0.4140625 0.41041666666666665 0.4296875 0.4395833333333333 0.4375 0.47708333333333336 0.4359375 0.5125 0.4203125 0.56875 0.4109375 0.5854166666666667 0.4078125 0.5958333333333333 0.3984375 0.6083333333333333 0.3859375 0.6208333333333333 0.371875 0.6291666666666667 0.3578125 0.6291666666666667 0.3390625 0.6229166666666667 0.3265625 0.6 0.3046875 0.5729166666666666 0.2859375 0.5583333333333333 0.2640625 0.5520833333333334 0.2578125 0.5416666666666666 0.2578125 0.53125 0.2546875 0.525 0.2546875 0.5145833333333333 0.253125 0.5125 0.253125 0.47708333333333336 0.25625 0.4666666666666667 0.25625 0.4583333333333333 0.2671875 0.43125 0.2875 0.4041666666666667 0.303125 0.38958333333333334 0.3140625 0.3875 0.31875 0.38333333333333336 0.3265625 0.38125 0.365625 0.38125 0.3703125 0.38333333333333336
1 0.49375 0.3104166666666667 0.5046875 0.32083333333333336 0.515625 0.3416666666666667 0.51875 0.35208333333333336 0.51875 0.35625 0.5046875 0.37083333333333335 0.5015625 0.37083333333333335 0.4984375 0.36666666666666664 0.490625 0.34375 0.478125 0.32708333333333334 0.4625 0.31666666666666665 0.4671875 0.3125 0.4921875 0.3104166666666667