2 0.3375 0.5583333333333333 0.3453125 0.5666666666666667 0.3515625 0.58125 0.353125 0.6104166666666667 0.346875 0.6270833333333333 0.3359375 0.6395833333333333 0.31875 0.6291666666666667 0.303125 0.6291666666666667 0.296875 0.6333333333333333 0.2859375 0.6354166666666666 0.2640625 0.6083333333333333 0.2546875 0.5916666666666667 0.25625 0.5791666666666667 0.2609375 0.56875 0.2703125 0.55625 0.2765625 0.5520833333333334 0.3125 0.5520833333333334 0.3359375 0.5583333333333333
2 0.31875 0.42291666666666666 0.3453125 0.44166666666666665 0.353125 0.45416666666666666 0.353125 0.48125 0.35 0.49166666666666664 0.325 0.51875 0.30625 0.51875 0.303125 0.5166666666666667 0.2921875 0.49583333333333335 0.28125 0.48333333333333334 0.2796875 0.47708333333333336 0.2796875 0.4625 0.284375 0.44375 0.29375 0.43125 0.3015625 0.425 0.3171875 0.42291666666666666
0 0.409375 0.6583333333333333 0.421875 0.6666666666666666 0.434375 0.68125 0.4421875 0.7125 0.440625 0.7375 0.4359375 0.75 0.4203125 0.7708333333333334 0.415625 0.7708333333333334 0.4078125 0.7645833333333333 0.3953125 0.7604166666666666 0.3671875 0.7625 0.3515625 0.7416666666666667 0.3359375 0.7125 0.3359375 0.7041666666666667 0.340625 0.6958333333333333 0.340625 0.6916666666666667 0.3515625 0.6729166666666667 0.3546875 0.6729166666666667 0.371875 0.6604166666666667 0.3796875 0.6604166666666667 0.3890625 0.65625 0.4078125 0.6583333333333333
0 0.5375 0.6458333333333334 0.553125 0.65625 0.5609375 0.6666666666666666 0.565625 0.68125 0.565625 0.69375 0.5609375 0.7020833333333333 0.5515625 0.70625 0.5421875 0.6833333333333333 0.5203125 0.6645833333333333 0.515625 0.6645833333333333 0.509375 0.6604166666666667 0.5 0.6604166666666667 0.4875 0.6645833333333333 0.4765625 0.6729166666666667 0.465625 0.6875 0.4625 0.6958333333333333 0.4609375 0.7020833333333333 0.4609375 0.73125 0.4640625 0.7458333333333333 0.4625 0.7520833333333333 0.428125 0.7708333333333334 0.4265625 0.7708333333333334 0.4265625 0.7666666666666667 0.4390625 0.7479166666666667 0.44375 0.73125 0.4421875 0.6958333333333333 0.4484375 0.6854166666666667 0.465625 0.6666666666666666 0.490625 0.6479166666666667 0.5015625 0.64375 0.53125 0.64375 0.5359375 0.6458333333333334
0 0.4734375 0.4666666666666667 0.49375 0.47291666666666665 0.5046875 0.4791666666666667 0.5125 0.4875 0.5203125 0.5083333333333333 0.5296875 0.5145833333333333 0.5421875 0.51875 0.553125 0.5270833333333333 0.55625 0.5333333333333333 0.55625 0.5416666666666666 0.553125 0.5458333333333333 0.5484375 0.5479166666666667 0.5359375 0.5458333333333333 0.521875 0.5291666666666667 0.5015625 0.51875 0.490625 0.51875 0.4734375 0.525 0.4671875 0.5166666666666667 0.45625 0.5083333333333333 0.44375 0.50625 0.4359375 0.5083333333333333 0.4203125 0.5208333333333334 0.4046875 0.50625 0.3953125 0.5020833333333333 0.3828125 0.5020833333333333 0.371875 0.49583333333333335 0.3671875 0.49583333333333335 0.359375 0.5 0.3484375 0.5125 0.3390625 0.5291666666666667 0.33125 0.5520833333333334 0.3140625 0.55 0.3140625 0.5458333333333333 0.3265625 0.5208333333333334 0.35 0.49375 0.3609375 0.4895833333333333 0.3765625 0.4791666666666667 0.4 0.4708333333333333 0.421875 0.46875 0.4234375 0.4666666666666667 0.471875 0.4666666666666667
4 0.634375 0.4875 0.6453125 0.5104166666666666 0.646875 0.55 0.64375 0.5645833333333333 0.6359375 0.575 0.621875 0.5833333333333334 0.615625 0.58125 0.6046875 0.5666666666666667 0.590625 0.55625 0.5875 0.5458333333333333 0.5875 0.5208333333333334 0.5953125 0.49583333333333335 0.6 0.4895833333333333 0.615625 0.48333333333333334 0.6265625 0.48333333333333334 0.6328125 0.4875
3 0.2125 0.4375 0.2359375 0.45 0.2453125 0.46041666666666664 0.2515625 0.4708333333333333 0.2546875 0.48125 0.2546875 0.5104166666666666 0.2515625 0.525 0.2328125 0.55 0.228125 0.5458333333333333 0.2125 0.5166666666666667 0.2015625 0.5020833333333333 0.175 0.45625 0.1796875 0.4479166666666667 0.1859375 0.44375 0.203125 0.4375 0.2109375 0.4375
3 0.3921875 0.6395833333333333 0.4 0.6458333333333334 0.40625 0.6541666666666667 0.4046875 0.65625 0.4015625 0.6541666666666667 0.3796875 0.65625 0.3671875 0.6604166666666667 0.3546875 0.6708333333333333 0.3515625 0.6708333333333333 0.34375 0.6520833333333333 0.34375 0.6479166666666667 0.346875 0.64375 0.3640625 0.6354166666666666 0.384375 0.6354166666666666 0.390625 0.6395833333333333
3 0.3796875 0.44583333333333336 0.39375 0.45416666666666666 0.3984375 0.46875 0.39375 0.47291666666666665 0.3875 0.47291666666666665 0.371875 0.4791666666666667 0.35625 0.4895833333333333 0.353125 0.4895833333333333 0.3546875 0.48333333333333334 0.3546875 0.45208333333333334 0.3640625 0.44583333333333336 0.378125 0.44583333333333336
1 0.571875 0.48125 0.5890625 0.4895833333333333 0.5921875 0.49583333333333335 0.5921875 0.5041666666666667 0.5859375 0.5208333333333334 0.5859375 0.55625 0.584375 0.5583333333333333 0.5671875 0.5583333333333333 0.546875 0.5708333333333333 0.54375 0.56875 0.5421875 0.5583333333333333 0.5390625 0.5520833333333334 0.5546875 0.5479166666666667 0.5578125 0.5416666666666666 0.5578125 0.5333333333333333 0.553125 0.525 0.5390625 0.5145833333333333 0.525 0.5083333333333333 0.525 0.5041666666666667 0.5453125 0.48541666666666666 0.559375 0.48125 0.5703125 0.48125
1 0.665625 0.56875 0.6796875 0.5729166666666666 0.6921875 0.5833333333333334 0.70625 0.6041666666666666 0.709375 0.6208333333333333 0.7078125 0.625 0.7015625 0.6291666666666667 0.6859375 0.6354166666666666 0.6671875 0.6479166666666667 0.659375 0.65 0.6421875 0.6604166666666667 0.6375 0.6604166666666667 0.6328125 0.6645833333333333 0.6265625 0.6625 0.621875 0.6479166666666667 0.621875 0.6083333333333333 0.6296875 0.5895833333333333 0.6375 0.5791666666666667 0.6484375 0.5708333333333333 0.6640625 0.56875
1 0.2703125 0.4791666666666667 0.2796875 0.48333333333333334 0.2890625 0.49375 0.2984375 0.5104166666666666 0.3015625 0.51875 0.303125 0.5458333333333333 0.3015625 0.5479166666666667 0.275 0.55 0.2671875 0.55625 0.2578125 0.5708333333333333 0.2515625 0.5708333333333333 0.2375 0.5625 0.234375 0.5541666666666667 0.25 0.53125 0.2546875 0.51875 0.25625 0.5125 0.25625 0.48125 0.2578125 0.4791666666666667 0.26875 0.4791666666666667
1 0.51875 0.5291666666666667 0.53125 0.5416666666666666 0.540625 0.5604166666666667 0.5421875 0.5666666666666667 0.5421875 0.59375 0.5390625 0.6083333333333333 0.53125 0.6291666666666667 0.521875 0.6395833333333333 0.5078125 0.6395833333333333 0.50625 0.6416666666666667 0.4859375 0.6416666666666667 0.475 0.6354166666666666 0.4625 0.6229166666666667 0.453125 0.6041666666666666 0.45 0.5770833333333333 0.45625 0.55625 0.475 0.5270833333333333 0.4984375 0.5208333333333334 0.5171875 0.5291666666666667
5 0.3984375 0.43333333333333335 0.403125 0.4666666666666667 0.471875 0.4625 0.4703125 0.41458333333333336 0.440625 0.38958333333333334 0.4140625 0.40208333333333335
5 0.3359375 0.5416666666666666 0.334375 0.5541666666666667 0.3640625 0.6125 0.3796875 0.6145833333333334 0.4015625 0.6041666666666666 0.4203125 0.56875 0.41875 0.525 0.39375 0.5041666666666667 0.3625 0.5
1 0.396875 0.6333333333333333 0.3953125 0.6395833333333333 0.4328125 0.675 0.440625 0.6916666666666667 0.48125 0.65 0.4453125 0.6041666666666666 0.421875 0.6041666666666666