0 0.403125 0.3770833333333333 0.3984375 0.38958333333333334 0.415625 0.41041666666666665 0.4734375 0.44375 0.478125 0.45 0.4765625 0.4708333333333333 0.484375 0.48333333333333334 0.5390625 0.4875 0.553125 0.46041666666666664 0.5546875 0.4166666666666667 0.528125 0.3958333333333333 0.4515625 0.37083333333333335
2 0.746875 0.38958333333333334 0.740625 0.46458333333333335 0.7578125 0.4270833333333333 0.7765625 0.4125 0.8125 0.4083333333333333 0.834375 0.41458333333333336 0.8234375 0.37083333333333335 0.8015625 0.35208333333333336 0.7578125 0.36041666666666666
2 0.7109375 0.25625 0.7078125 0.2791666666666667 0.7328125 0.32708333333333334 0.759375 0.30416666666666664 0.796875 0.3020833333333333 0.7921875 0.24791666666666667 0.76875 0.21666666666666667 0.7328125 0.21666666666666667
4 0.6265625 0.2520833333333333 0.625 0.27708333333333335 0.6328125 0.29375 0.659375 0.2708333333333333 0.6859375 0.26666666666666666 0.690625 0.25833333333333336 0.6890625 0.23541666666666666 0.675 0.21458333333333332 0.64375 0.225
4 0.565625 0.28958333333333336 0.5625 0.34375 0.5703125 0.3625 0.5859375 0.36666666666666664 0.628125 0.34791666666666665 0.6296875 0.29791666666666666 0.6140625 0.26875 0.584375 0.26458333333333334
4 0.565625 0.40208333333333335 0.5578125 0.4125 0.5578125 0.45 0.5953125 0.43125 0.61875 0.4354166666666667 0.6265625 0.39375 0.6015625 0.3875
1 0.471875 0.28958333333333336 0.4734375 0.30416666666666664 0.49375 0.28125 0.5265625 0.2791666666666667 0.5421875 0.28541666666666665 0.559375 0.30833333333333335 0.5625 0.3 0.5546875 0.26458333333333334 0.540625 0.24791666666666667 0.5203125 0.23958333333333334 0.49375 0.25
1 0.375 0.4708333333333333 0.3765625 0.5083333333333333 0.3984375 0.49375 0.425 0.49375 0.453125 0.51875 0.46875 0.5 0.4734375 0.47291666666666665 0.4546875 0.4395833333333333 0.4203125 0.4166666666666667 0.3984375 0.42291666666666666
1 0.625 0.40625 0.6234375 0.43333333333333335 0.6640625 0.49375 0.6921875 0.48125 0.7109375 0.48333333333333334 0.73125 0.45625 0.7390625 0.43125 0.7328125 0.38125 0.7015625 0.34791666666666665 0.6765625 0.34791666666666665 0.6515625 0.36041666666666666
3 0.4703125 0.3125 0.46875 0.3541666666666667 0.4765625 0.3729166666666667 0.5296875 0.39166666666666666 0.5484375 0.37916666666666665 0.55625 0.3645833333333333 0.559375 0.30625 0.5390625 0.28541666666666665 0.49375 0.2833333333333333
3 0.7484375 0.44583333333333336 0.740625 0.4666666666666667 0.74375 0.49375 0.8578125 0.47291666666666665 0.846875 0.43333333333333335 0.815625 0.41041666666666665 0.771875 0.4166666666666667
3 0.4296875 0.325 0.428125 0.33125 0.4546875 0.34375 0.4671875 0.35833333333333334 0.465625 0.31875 0.446875 0.31666666666666665
5 0.3890625 0.3770833333333333 0.3859375 0.40625 0.396875 0.42291666666666666 0.415625 0.41458333333333336 0.4046875 0.4 0.40625 0.3729166666666667 0.4703125 0.36875 0.4578125 0.34791666666666665 0.425 0.33125 0.4125 0.33541666666666664
5 0.640625 0.29375 0.63125 0.31875 0.63125 0.35 0.6375 0.3645833333333333 0.6859375 0.34375 0.7203125 0.35625 0.728125 0.325 0.70625 0.28125 0.675 0.26875 0.65 0.2791666666666667
5 0.7234375 0.35208333333333336 0.721875 0.3625 0.734375 0.37916666666666665 0.740625 0.4125 0.7484375 0.3729166666666667 0.7609375 0.35625 0.8 0.35 0.8140625 0.35833333333333334 0.8140625 0.33958333333333335 0.7984375 0.3125 0.7671875 0.30416666666666664 0.7484375 0.3125
5 0.5453125 0.48541666666666666 0.546875 0.5229166666666667 0.6609375 0.5041666666666667 0.6453125 0.46041666666666664 0.615625 0.4354166666666667 0.5890625 0.4354166666666667 0.56875 0.44583333333333336 0.55625 0.4583333333333333
5 0.45625 0.5208333333333334 0.45625 0.5354166666666667 0.534375 0.5229166666666667 0.5171875 0.49166666666666664 0.503125 0.48333333333333334 0.4859375 0.4875
5 0.3609375 0.5375 0.3609375 0.55 0.38125 0.55 0.4484375 0.5395833333333333 0.453125 0.5270833333333333 0.4390625 0.5041666666666667 0.40625 0.49375 0.38125 0.50625