0 0.2796875 0.4979166666666667 0.2796875 0.51875 0.2890625 0.5291666666666667 0.378125 0.55625 0.421875 0.6229166666666667 0.434375 0.68125 0.4375 0.7708333333333334 0.4609375 0.8395833333333333 0.45625 0.95625 0.4859375 0.9875 0.4984375 0.99375 0.509375 0.9895833333333334 0.515625 0.9729166666666667 0.50625 0.9208333333333333 0.5140625 0.8375 0.5421875 0.79375 0.55625 0.74375 0.546875 0.6979166666666666 0.546875 0.61875 0.5421875 0.6 0.4953125 0.5520833333333334 0.4703125 0.4875 0.415625 0.44375 0.396875 0.4395833333333333 0.3578125 0.46458333333333335 0.3078125 0.4625
0 0.34375 0.15416666666666667 0.3421875 0.16041666666666668 0.38125 0.11875 0.43125 0.12291666666666666 0.4328125 0.06875 0.4609375 0 0.4171875 0 0.3875 0.08125
2 0.7546875 0.38958333333333334 0.753125 0.43333333333333335 0.76875 0.5020833333333333 0.7875 0.5416666666666666 0.815625 0.575 0.8671875 0.5958333333333333 0.9109375 0.5958333333333333 0.9734375 0.5666666666666667 0.99375 0.5395833333333333 0.99375 0.51875 0.9796875 0.47708333333333336 0.915625 0.325 0.8796875 0.25625 0.85625 0.25833333333333336 0.8 0.29791666666666666 0.7671875 0.34791666666666665
1 0.5171875 0.8375 0.5171875 0.89375 0.5375 0.95 0.5546875 0.9770833333333333 0.5859375 0.9979166666666667 0.6265625 0.9958333333333333 0.665625 0.9625 0.6796875 0.9354166666666667 0.684375 0.89375 0.6609375 0.8354166666666667 0.6109375 0.81875 0.5609375 0.76875 0.553125 0.7729166666666667
1 0.7515625 0.7458333333333333 0.75 0.8020833333333334 0.7578125 0.8520833333333333 0.79375 0.9208333333333333 0.8453125 0.95625 0.8828125 0.95625 0.9171875 0.9354166666666667 0.875 0.8520833333333333 0.85625 0.7833333333333333 0.8546875 0.7125 0.8609375 0.6833333333333333 0.8859375 0.625 0.8421875 0.6208333333333333 0.7890625 0.6458333333333334 0.7703125 0.6729166666666667
1 0.56875 0.48541666666666666 0.56875 0.575 0.584375 0.6166666666666667 0.615625 0.65 0.6609375 0.6708333333333333 0.6984375 0.6770833333333334 0.753125 0.65 0.778125 0.6208333333333333 0.8015625 0.5729166666666666 0.8 0.5583333333333333 0.7734375 0.51875 0.7578125 0.47291666666666665 0.75 0.43333333333333335 0.7546875 0.3645833333333333 0.7328125 0.35208333333333336 0.6640625 0.33958333333333335 0.6328125 0.35208333333333336 0.596875 0.39375 0.5828125 0.425
1 0.1875 0.08125 0.184375 0.1125 0.20625 0.18541666666666667 0.2296875 0.21875 0.259375 0.23541666666666666 0.3125 0.22708333333333333 0.365625 0.11041666666666666 0.3640625 0.09375 0.3046875 0 0.253125 0 0.24375 0.00625 0.21875 0.029166666666666667
1 0.5015625 0.2625 0.475 0.33541666666666664 0.446875 0.36875 0.45625 0.39791666666666664 0.4890625 0.43333333333333335 0.540625 0.38125 0.5921875 0.3729166666666667 0.5765625 0.3104166666666667 0.58125 0.25833333333333336 0.55625 0.26875
1 0.328125 0.5458333333333333 0.3265625 0.5604166666666667 0.34375 0.6083333333333333 0.3578125 0.6291666666666667 0.3921875 0.64375 0.4203125 0.6354166666666666 0.403125 0.5895833333333333 0.3828125 0.5625 0.3671875 0.5520833333333334
3 0.2484375 0.32708333333333334 0.246875 0.36041666666666666 0.259375 0.40625 0.2765625 0.4354166666666667 0.3046875 0.4583333333333333 0.3484375 0.4625 0.36875 0.45625 0.396875 0.4354166666666667 0.421875 0.38958333333333334 0.4203125 0.37083333333333335 0.371875 0.35 0.346875 0.31666666666666665 0.3234375 0.26875 0.3171875 0.23541666666666666 0.3 0.2375 0.28125 0.25625
3 0.415625 0 0.3203125 0.004166666666666667 0.3515625 0.075 0.375 0.09375 0.3875 0.07708333333333334
3 0.5828125 0.26875 0.5828125 0.3416666666666667 0.5921875 0.36666666666666664 0.603125 0.3770833333333333 0.6265625 0.3541666666666667 0.659375 0.3375 0.7296875 0.34791666666666665 0.7578125 0.36041666666666666 0.7921875 0.3 0.778125 0.21666666666666667 0.7265625 0.2125 0.6671875 0.1625 0.65 0.17291666666666666 0.6234375 0.21666666666666667 0.5890625 0.25
3 0.8578125 0.7166666666666667 0.8625 0.8 0.890625 0.88125 0.93125 0.9395833333333333 0.9984375 0.9833333333333333 0.9984375 0.5791666666666667 0.9515625 0.5833333333333334 0.903125 0.6125 0.875 0.6541666666666667
4 0.3203125 0.21458333333333332 0.325 0.26666666666666666 0.346875 0.3125 0.371875 0.34791666666666665 0.403125 0.36666666666666664 0.425 0.37083333333333335 0.45625 0.35625 0.4828125 0.3145833333333333 0.4984375 0.2625 0.45 0.1875 0.43125 0.13125 0.4140625 0.12083333333333333 0.3875 0.11875 0.365625 0.13125
4 0.484375 0.46875 0.4859375 0.525 0.49375 0.54375 0.5375 0.5833333333333334 0.565625 0.58125 0.5671875 0.48333333333333334 0.59375 0.38958333333333334 0.578125 0.37916666666666665 0.5546875 0.37916666666666665 0.53125 0.38958333333333334 0.4921875 0.4395833333333333
5 0.434375 0.07083333333333333 0.4328125 0.125 0.45 0.18333333333333332 0.4828125 0.2375 0.515625 0.2625 0.55 0.26666666666666666 0.5796875 0.25416666666666665 0.6171875 0.21875 0.6578125 0.15 0.6390625 0.06666666666666667 0.64375 0 0.4640625 0 0.4453125 0.03333333333333333
5 0.646875 0.008333333333333333 0.6453125 0.07916666666666666 0.653125 0.125 0.6640625 0.15208333333333332 0.696875 0.18958333333333333 0.7390625 0.21458333333333332 0.7703125 0.21458333333333332 0.796875 0.20625 0.8375 0.17708333333333334 0.8390625 0.1625 0.8171875 0.08958333333333333 0.7828125 0 0.65 0
5 0.55 0.6354166666666666 0.5484375 0.6895833333333333 0.559375 0.7583333333333333 0.60625 0.8104166666666667 0.6390625 0.8270833333333333 0.6609375 0.8291666666666667 0.6984375 0.8041666666666667 0.7078125 0.7895833333333333 0.728125 0.7895833333333333 0.74375 0.775 0.75625 0.7041666666666667 0.753125 0.6583333333333333 0.7078125 0.6791666666666667 0.64375 0.6666666666666666 0.5984375 0.6375 0.5734375 0.5958333333333333 0.5625 0.6020833333333333
5 0.665625 0.8291666666666667 0.6765625 0.875 0.7015625 0.9083333333333333 0.7375 0.9229166666666667 0.7796875 0.9104166666666667 0.75625 0.8520833333333333 0.74375 0.78125
5 0.515625 0.9166666666666666 0.515625 0.9354166666666667 0.5328125 0.9479166666666666 0.525 0.925
5 0.4015625 0.6729166666666667 0.4015625 0.7208333333333333 0.409375 0.7583333333333333 0.4203125 0.78125 0.4421875 0.8020833333333334 0.434375 0.7625 0.4265625 0.6458333333333334 0.4140625 0.6479166666666667
5 0.2359375 0.36666666666666664 0.2359375 0.40625 0.24375 0.44375 0.2671875 0.4791666666666667 0.2828125 0.48541666666666666 0.3015625 0.46041666666666664 0.2859375 0.4479166666666667 0.2578125 0.40208333333333335 0.246875 0.34791666666666665