2 0.6799999999999999 0.7466666666666668 0.6204312499999999 0.6319416666666665 0.5225249999999998 0.7223166666666666 0.58209375 0.837041666666667
2 0.4750000000000002 0.6875000000000002 0.40546875000000016 0.5947916666666669 0.3210937500000001 0.707291666666667 0.3906250000000001 0.8000000000000004
2 0.3674317893401015 0.7766434010152287 0.33268480329949235 0.6649079949238579 0.26169574873096435 0.7041539763113368 0.29644273477157357 0.8158893824027076
2 0.32367912371134017 0.5324957044673541 0.28237757731958757 0.4085910652920963 0.18669458762886595 0.4652920962199314 0.22799613402061852 0.589196735395189
3 0.7120279406202723 0.3810927256681797 0.575949319213313 0.36541288451840664 0.5529838785930408 0.7197368255168934 0.6890625 0.7354166666666665
3 0.47437500000000005 0.5975000000000001 0.42125 0.5620833333333335 0.3978125 0.6245833333333336 0.45093750000000005 0.6600000000000003
3 0.5523766545648788 0.2865649030046235 0.46948108680693873 0.1750928004925218 0.25523270289356453 0.45833642668308416 0.33812827065150464 0.5698085291951859
3 0.5678584993247806 0.33685291469727663 0.5515857106684672 0.2893906144496961 0.45048214888588795 0.3510156425838397 0.46675493754220126 0.3984779428314203
5 0.3976591697810999 0.6143275048941096 0.3398708622530699 0.5235173073500624 0.2590446476241323 0.6149570653141129 0.3168329551521623 0.70576726285816
7 0.7175532253952064 0.5372078446370899 0.7108761473737888 0.45886346251912286 0.6369725267720551 0.47006098079211284 0.6436496047934728 0.5484053629100799
7 0.2984375000000002 0.6395833333333333 0.17343750000000008 0.6395833333333333 0.1734375000000001 0.7895833333333333 0.2984375000000002 0.7895833333333333
7 0.3313164279112754 0.3537276648182379 0.2469760859519409 0.31382470733210127 0.21935218345656202 0.41762361367837353 0.30369252541589653 0.4575265711645102
7 0.5671875 0.5895833333333333 0.4625 0.5895833333333333 0.4625 0.7125 0.5671875 0.7125
1 0.6306985294117646 0.23872549019607847 0.5835937499999999 0.2010416666666666 0.5418198529411763 0.2938725490196078 0.588924632352941 0.3315563725490197
1 0.484375 0.35833333333333356 0.384375 0.35833333333333356 0.384375 0.4791666666666669 0.484375 0.4791666666666669
1 0.3621713362068965 0.15744971264367827 0.2652640086206896 0.14984913793103455 0.26237068965517235 0.2154310344827587 0.35927801724137925 0.22303160919540244
1 0.4944711538461539 0.5597756410256411 0.43076923076923074 0.4323717948717949 0.34170673076923075 0.5115384615384617 0.4054086538461538 0.6389423076923079
1 0.7189423076923077 0.8254487179487181 0.6752884615384616 0.7235897435897435 0.5728124999999998 0.8016666666666666 0.616466346153846 0.9035256410256413
1 0.6978673986486486 0.36185247747747756 0.635472972972973 0.24538288288288293 0.5580236486486487 0.3191441441441441 0.6204180743243244 0.4356137387387387
1 0.38306985294117646 0.3327941176470588 0.35858455882352935 0.18588235294117642 0.24707720588235293 0.2189215686274509 0.27156250000000004 0.36583333333333334
0 0.5775449858471493 0.49900930044480396 0.47306661949049733 0.46128100148267964 0.45077461585119283 0.5710262501684864 0.5552529822078448 0.6087545491306107
0 0.4736739727420667 0.27010103064822355 0.4696335943856794 0.17582553566585293 0.3987934804719284 0.18122287767832918 0.4028338588283157 0.27549837266069976
0 0.3039062500000001 0.5572916666666666 0.21135817307692326 0.5326121794871794 0.19513221153846164 0.6407852564102564 0.2876802884615385 0.6654647435897438
0 0.7625 0.18333333333333357 0.6546875 0.18333333333333357 0.6546875 0.3291666666666669 0.7625 0.3291666666666669
0 0.6257772842639594 0.42924069373942486 0.5536524428934009 0.31827939932318117 0.4659105329949238 0.4196700507614215 0.5380353743654822 0.5306313451776652
0 0.58125 0.1562500000000002 0.4764672256097562 0.14072662601626035 0.46476753048780495 0.281122967479675 0.5695503048780488 0.29664634146341484
0 0.7250000000000001 0.32708333333333356 0.6781806710213778 0.32493072050673016 0.6769985896674585 0.3706378661916075 0.7238179186460808 0.3727904790182109
1 0.5574999999999999 0.817916666666667 0.5316105769230768 0.6913461538461542 0.4443509615384615 0.7230769230769234 0.4702403846153846 0.8496474358974362
1 0.7451575067024128 0.5610757372654158 0.6573454256032172 0.5095593163538877 0.6182012399463807 0.6281780607685437 0.7060133210455763 0.6796944816800717
