1 0.4317806603773587 0.774606918238994 0.36677476415094346 0.6185927672955974 0.23901827830188682 0.7132272012578617 0.304024174528302 0.8692413522012582
1 0.3660672169811321 0.36560534591194993 0.24348466981132072 0.27480345911949705 0.18452240566037736 0.4163128930817611 0.30710495283018874 0.507114779874214
1 0.6248771067415732 0.6368211610486896 0.5621137640449438 0.502926029962547 0.4781249999999999 0.5729166666666669 0.5408883426966292 0.7068117977528094
1 0.5166995192307693 0.0795801282051284 0.41701442307692316 0.016012820512820596 0.36732932692307696 0.1545288461538463 0.4670144230769231 0.2180961538461541
1 0.2173055168813088 0.5455737324515604 0.19947137138879228 0.38803878060099783 0.06071071179951273 0.41596545422902886 0.07854485729202923 0.5735004060795916
1 0.6306985294117647 0.27794117647058847 0.5509191176470589 0.25134803921568644 0.5268382352941177 0.379779411764706 0.6066176470588236 0.406372549019608
1 0.000537049372269745 0.0020880450795239263 0.0005114627650754245 0.0017176484801394783 0.0003331254081369409 0.0017395495590617482 0.0003587120153312614 0.002109946158446196
0 0.2752162162162162 0.25822972972972974 0.16766891891891894 0.1213513513513514 0.06926689189189189 0.25880180180180185 0.17681418918918917 0.39568018018018025
0 0.5757673156956005 0.46430340864050734 0.4868478745541022 0.33981619104240995 0.40436793995243747 0.4445526159334128 0.4932873810939357 0.5690398335315102
7 0.68828125 0.4739583333333337 0.6140625 0.3750000000000002 0.53046875 0.48645833333333355 0.6046875 0.585416666666667
7 0.1545036764705882 0.37598039215686263 0.08088235294117649 0.21237745098039215 -0.025735294117647058 0.297671568627451 0.047886029411764675 0.46127450980392143
0 0.2639423076923078 0.6633012820512822 0.18557692307692317 0.5065705128205128 0.07956730769230777 0.600801282051282 0.1579326923076924 0.7575320512820515
0 0.28435676070038907 0.8496108949416342 0.27574173151750964 0.665823605706874 0.15988570038910505 0.6754782749675745 0.16850072957198442 0.8592655642023348
3 0.5569143991887782 0.29138111937355665 0.20744583931891158 0.13304584952960402 0.17315639787899267 0.26759108641766666 0.5226249577488592 0.4259263562616193
3 0.5793750000000001 0.795 0.4259375 0.3858333333333333 0.3121875 0.46166666666666667 0.46562500000000007 0.8708333333333333
3 0.7134146341463415 0.6088922764227642 0.646532012195122 0.53755081300813 0.477172256097561 0.8198170731707317 0.5440548780487804 0.8911585365853658
5 0.41355119752421965 0.60828399712953 0.3271696716899893 0.5081315034086832 0.2688408234660926 0.5975690706853247 0.355222349300323 0.6977215644061715
2 0.5921875 0.10416666666666684 0.4859375 0.10416666666666684 0.4859375 0.27500000000000024 0.5921875 0.27500000000000024
7 0.0008101688879935832 0.001857718545613858 0.0006599969822961374 0.0016136891988555086 0.00042014268993023656 0.0018760938947771776 0.0005703145956276824 0.0021201232415355275
7 0.41288813694267523 0.19800955414012733 0.38885350318471346 0.08905254777070062 0.2808270302547771 0.13141587048832273 0.3048616640127389 0.2403728768577494
