3 0.46561422413793097 0.5789942528735631 0.2449185471602434 0.4341992055442866 0.20077459432048678 0.5538150777552401 0.4214702712981744 0.6986101250845166
3 0.19878124999999996 0.7677916666666669 0.16525 0.4548333333333333 0.10465624999999998 0.466375 0.13818749999999994 0.7793333333333335
3 0.443235294117647 0.2343382352941177 0.1833272058823529 0.15732843137254907 0.16079044117647057 0.29254901960784324 0.4206985294117647 0.3695588235294119
0 0.20280898876404502 0.19609082397003755 0.10674157303370786 0.1160346441947566 0.05582865168539326 0.22464887640449444 0.15189606741573042 0.3047050561797754
1 0.2203260135135135 0.35494144144144146 0.14273141891891888 0.25618468468468475 0.07781587837837836 0.34686036036036044 0.15541047297297295 0.44561711711711716
1 0.25133709016393435 0.46836065573770486 0.21960040983606555 0.37163934426229506 0.1382889344262295 0.4190710382513661 0.17002561475409833 0.5157923497267759
2 0.509375 0.37708333333333355 0.4171875 0.37708333333333355 0.4171875 0.4895833333333336 0.509375 0.4895833333333336
2 0.4776185344827586 0.2781034482758621 0.47230603448275854 0.1576867816091954 0.3702693965517241 0.1656896551724138 0.3755818965517241 0.2861063218390805
1 0.38125 0.08333333333333345 0.2921875 0.08333333333333345 0.2921875 0.20208333333333345 0.38125 0.20208333333333345
0 0.3904329128440367 0.33428516819571874 0.29580848623853206 0.3123432721712539 0.28028096330275226 0.4313876146788991 0.37490538990825695 0.4533295107033639
7 0.5234375 0.48333333333333356 0.4515625 0.48333333333333356 0.4515625 0.5958333333333333 0.5234375 0.5958333333333333
1 0.4399014261744966 0.49296700223713646 0.3928481543624161 0.4033417225950783 0.32111996644295304 0.4702880313199104 0.3681732382550335 0.5599133109619686
7 0.2656985824123018 0.5962427919269582 0.227706030754445 0.4923964840621496 0.16081135872176835 0.5359052138395002 0.19880391037962514 0.6397515217043088
5 0.3165897651006712 0.45451621923937363 0.2679215604026846 0.36181487695749437 0.2236682046979866 0.4031180089485459 0.2723364093959732 0.49581935123042514
7 0.10661637931034487 0.13372126436781612 0.018943965517241396 0.12397988505747128 0.01162715517241381 0.2410488505747127 0.09929956896551727 0.25079022988505756
0 0.1609776098117513 0.4402143943715535 0.08573516828294356 0.35556664765164475 0.0390714132915003 0.4293069024529378 0.11431385482030802 0.5139546491728465
0 0.33462837837837833 0.30827702702702714 0.28024948024948015 0.2309381496881497 0.21949064449064437 0.30688669438669447 0.27386954261954255 0.38422557172557187
7 0.3046875 0.07708333333333342 0.23387106997971602 0.06166751183231922 0.22068648580121702 0.16934161595672761 0.291502915821501 0.18475743745774184
