3 0.9195312500000004 0.5135416666666669 0.6210937500000001 0.11562499999999994 0.5 0.2770833333333334 0.7984375000000002 0.6750000000000003
3 0.68125 0.47500000000000026 0.590625 0.47500000000000026 0.590625 0.8541666666666666 0.68125 0.8541666666666666
3 0.9783137583892618 0.8972595078299777 0.9584626677852348 0.747273489932886 0.6395343959731541 0.8223154362416107 0.6593854865771809 0.9723014541387023
0 0.6109820897740785 0.13089575901704337 0.46701285671819265 0.12621383273880318 0.46352928061831156 0.3166493261989695 0.6074985136741974 0.32133125247720973
0 0.8247078901615874 0.5844297572782438 0.6799997443239928 0.5268344753528332 0.6468449580691351 0.6749258539578651 0.7915531039067296 0.7325211358832757
0 0.95 0.6354166666666672 0.7984375 0.6354166666666672 0.7984375 0.8104166666666671 0.95 0.8104166666666671
0 0.4907701880530973 0.5841537610619468 0.48250138274336274 0.41877765486725665 0.3633434734513273 0.42936946902654866 0.3716122787610618 0.5947455752212389
1 0.5893711018711019 0.7472106722106726 0.5368925415800414 0.5917186417186417 0.42618568087318065 0.6581427581427582 0.4786642411642411 0.8136347886347891
1 0.5410560344827586 0.31522988505747135 0.43114224137931034 0.25660919540229893 0.3881465517241379 0.39992816091954025 0.4980603448275862 0.4585488505747127
1 0.9685949819316688 0.1622276062198864 0.8154905141261498 0.15699326544021056 0.8120626642575559 0.33524145860709625 0.9651671320630749 0.34047579938677214
1 0.8121250000000003 0.707666666666667 0.6894062500000002 0.6842916666666667 0.6735625000000001 0.8321666666666669 0.7962812500000002 0.8555416666666672
1 0.6338612325955015 0.463240806854695 0.5821263611210281 0.29911638700464127 0.4942712981970723 0.34834917588956327 0.5460061696715457 0.512473595739617
2 0.9984375 0.2895833333333336 0.8828125 0.2895833333333336 0.8828125 0.5062500000000002 0.9984375 0.5062500000000002
2 0.8515625 0.37291666666666684 0.746875 0.2333333333333334 0.6765625 0.3270833333333334 0.78125 0.46666666666666684
7 0.5694506227758009 0.7734059905100832 0.44797264234875456 0.7703499406880192 0.44603703291814967 0.907133007117438 0.567515013345196 0.9101890569395021
7 0.8439451234269117 0.15347491126169757 0.7022219869312681 0.13575951919974208 0.6922843054211035 0.2770954340109715 0.8340074419167474 0.294810826072927
7 0.4895123306519899 0.12508820208862562 0.39981609864521594 0.10750070561670913 0.3828879127857748 0.2609829240756423 0.4725841447925488 0.27857042054755876
5 0.597247191011236 0.6614606741573036 0.5869030898876405 0.5166432584269665 0.5199508426966294 0.5251451310861425 0.5302949438202249 0.6699625468164796
