3 0.6087901264591441 0.6621060311284049 0.2708852140077821 0.470967898832685 0.21113326848249026 0.6587597276264593 0.5490381809338521 0.8498978599221794
3 0.709938524590164 0.7228483606557378 0.6550717213114754 0.6618852459016392 0.6234374999999999 0.7125 0.6783043032786884 0.7734631147540986
3 0.5681932245922207 0.874192283563363 0.5227552540777916 0.7309938310330408 0.3789621235884566 0.8121079046424093 0.4244000941028857 0.9553063571727314
3 0.6005926724137931 0.9613505747126438 0.5545797413793103 0.8079741379310347 0.5060883620689657 0.8338362068965518 0.5521012931034484 0.9872126436781611
3 0.3446209016393444 0.7169398907103826 0.25686475409836074 0.6194330601092898 0.19474897540983616 0.7188183060109291 0.2825051229508198 0.8163251366120221
3 0.33202314013840833 0.5191608996539794 0.3144058174740485 0.4419802479815457 0.21119431228373706 0.48386317762399095 0.22881163494809692 0.5610438292964246
3 0.6194882454128441 0.603316131498471 0.51171875 0.3364583333333332 0.41220613532110084 0.4079032874617737 0.519975630733945 0.6747610856269115
3 0.6726931179775281 0.7041619850187265 0.6673700842696629 0.6296395131086141 0.5760849719101122 0.6412312734082396 0.5814080056179775 0.715753745318352
5 0.5234134615384616 0.5273397435897436 0.41937500000000016 0.51 0.4095913461538462 0.6143589743589745 0.5136298076923077 0.631698717948718
7 0.7431505453861582 0.6474329237713138 0.6724360581745236 0.5837261785356068 0.6337065885155466 0.6601523319959882 0.7044210757271813 0.7238590772316952
7 0.22697220437018006 0.6065713367609257 0.10774823264781497 0.5130623393316197 0.06288158740359903 0.6147600685518424 0.18210555912596413 0.7082690659811485
7 0.3677941176470589 0.4584313725490197 0.325202205882353 0.4097549019607844 0.29156250000000006 0.46208333333333346 0.33415441176470595 0.5107598039215688
1 0.46876755617977545 0.45912921348314634 0.38084620786516865 0.38586142322097405 0.3333567415730338 0.487172284644195 0.42127808988764065 0.5604400749063673
0 0.8021242977528091 0.521301498127341 0.7181355337078654 0.4513108614232211 0.6550210674157304 0.5859550561797755 0.739009831460674 0.6559456928838954
0 0.4683986686390531 0.599457593688363 0.3644415680473373 0.5417036489151875 0.34488720414201185 0.6042776134122287 0.44884430473372766 0.6620315581854043
0 0.6202868852459018 0.5024590163934425 0.5645747950819675 0.4133196721311475 0.5255379098360657 0.4566939890710382 0.58125 0.5458333333333332
1 0.664275404157044 0.5304368745188609 0.5794583573903005 0.5109387028483451 0.564230297344111 0.6287023672055428 0.6490473441108545 0.6482005388760588
1 0.684272068162574 0.7629332486593282 0.5944197184589333 0.6792612193056733 0.5117101502963591 0.8371613039796785 0.6015625 0.9208333333333333
1 0.42843750000000014 0.8033333333333333 0.3278125 0.73625 0.2984375 0.8145833333333333 0.39906250000000015 0.8816666666666667
1 0.3064805743243243 0.6426362612612612 0.28050253378378376 0.5333952702702702 0.19168074324324322 0.5709459459459458 0.21765878378378378 0.6801869369369368
1 0.0009316894531250002 0.0020599826388888894 0.0008032226562500001 0.0018315972222222227 0.00071259765625 0.0019222222222222225 0.0008410644531249999 0.00215060763888889
