7 0.17905321782178216 0.479042904290429 0.16573329207920792 0.3014438943894389 0.030213490099009904 0.319513201320132 0.04353341584158415 0.4971122112211221
0 0.28125000000000006 0.4250000000000001 0.21996749337828075 0.33378882735372023 0.13151336383337348 0.43944237097680394 0.19279587045509278 0.5306535436230838
2 0.3727010350318471 0.36000530785562634 0.31967555732484076 0.2303874734607219 0.20779259554140123 0.3117569002123143 0.2608180732484076 0.4413747346072187
2 0.20777738764044945 0.672425093632959 0.19405547752808988 0.4803183520599251 0.05049157303370787 0.4985486891385768 0.06421348314606744 0.6906554307116106
2 0.3264786702536511 0.6402837560850628 0.20356648731744817 0.5820621957468615 0.17572468293620297 0.6865548936715347 0.2986368658724059 0.744776454009736
2 0.17343750000000008 0.825 7.797555791446038e-17 0.825 8.591662700268149e-17 0.9979166666666667 0.17343750000000008 0.9979166666666667
7 0.44375 0.35833333333333334 0.4361418225572103 0.28297614723332126 0.3548918225572103 0.2975594805666546 0.3625 0.3729166666666666
7 0.3152559316252274 0.8154607590458863 0.2316740259248029 0.6567395643824541 0.1050399863553669 0.7752905801495856 0.18862189205579144 0.9340117748130179
7 0.4796875000000001 0.9458333333333333 0.3343750000000001 0.9458333333333333 0.3343750000000001 0.9979166666666667 0.47968750000000016 0.9979166666666667
1 0.5792147593320236 0.21860674525212848 0.45143971021611007 0.17988703339882128 0.42197016208251475 0.35277504911591356 0.5497452111984283 0.3914947609692208
1 0.35689629215416374 0.6407762674925441 0.3446920165175499 0.4346596122963982 0.1959889022711631 0.4503125716907547 0.20819317790777703 0.6564292268869006
1 0.48607492590515855 0.5748921953433729 0.4850406019705223 0.46594340756167896 0.35434556231976927 0.4681492310157001 0.35537988625440564 0.5770980187973939
1 0.14641509433962266 0.8258962264150943 0.12556014150943398 0.6775943396226416 -0.020854952830188678 0.7141981132075472 0 0.8624999999999999
1 0.3359375000000001 0.9104166666666667 0.1593750000000001 0.9104166666666667 0.1593750000000001 0.9979166666666667 0.3359375000000001 0.9979166666666667
1 0.6771874999999999 0.7275000000000001 0.5215625 0.6237500000000001 0.436875 0.8495833333333335 0.5925 0.9533333333333334
1 0.7552636376896148 0.7534859976662778 0.7423771149358225 0.6289162777129521 0.6069683488914819 0.6538190392843252 0.6198548716452742 0.7783887592376507
3 0.6202185693641618 0.4216859344894028 0.314069725433526 0.29047928709055887 0.27137825144508676 0.4675698458574182 0.5775270953757226 0.5987764932562621
1 0.6067661516853933 0.2791011235955057 0.6046875 0.25 0.5713588483146068 0.25423220973782773 0.5734375 0.2833333333333334
5 0.6661551966292134 0.25403558052434466 0.565505617977528 0.24125468164794012 0.5529915730337078 0.41645131086142323 0.6536411516853933 0.4292322097378277
0 0.7472355769230768 0.6163461538461539 0.7059134615384615 0.41432692307692315 0.549639423076923 0.4711538461538462 0.5909615384615384 0.6731730769230769
0 0.678125 0.4375000000000001 0.6661980453582774 0.39233659842334395 0.5552605453582775 0.44441993175667727 0.5671875 0.4895833333333334
0 0.5328125 0.6104166666666668 0.3796875 0.5083333333333334 0.3003125 0.7200000000000001 0.4534375 0.8220833333333334
0 0.4335937500000001 0.7968750000000001 0.32500000000000007 0.6520833333333335 0.24609375000000008 0.7572916666666668 0.3546875000000001 0.9020833333333335
0 0.8328125 0.7541666666666668 0.6140625 0.7541666666666667 0.6140625000000001 0.9979166666666668 0.8328125 0.9979166666666669
3 0.6220496323529414 0.8282230392156865 0.20277573529411774 0.7852205882352943 0.19231617647058835 0.9665196078431374 0.611590073529412 1.0095220588235296
3 0.575263678312459 0.6092232476378818 0.49607881509558355 0.5145654801142606 0.45732840309822026 0.572194297956493 0.5365132663150958 0.6668520654801143
