3 0.7040205060616408 0.39703819118358535 0.4616455807649619 -0.05436907709382736 0.3277142651327583 0.07347445146418516 0.5700891904294372 0.5248817197415979
3 0.47430528471138855 0.32610179407176304 0.3504753315132606 0.29968473738949564 0.29475185257410297 0.7640470618824754 0.4185818057722309 0.7904641185647426
3 0.7039255136986302 0.829931506849315 0.6919734589041097 0.6785388127853882 0.34328767123287673 0.7274771689497717 0.3552397260273973 0.8788698630136985
2 0.8812499999999999 0.2583333333333336 0.7789062499999997 0.12187500000000012 0.6515624999999997 0.29166666666666674 0.7539062499999998 0.4281250000000002
2 0.6619721283783786 0.23443130630630632 0.5665329391891893 0.0562781531531531 0.5009079391891893 0.1187781531531531 0.5963471283783786 0.2969313063063063
0 0.2125351123595506 0.23590823970037464 0.04501404494382027 0.18436329588014982 0.008514747191011219 0.395248127340824 0.17603581460674156 0.4467930711610489
0 0.6117629716981132 0.46218553459119516 0.4691479952830188 0.35654481132075483 0.399277712264151 0.5242334905660379 0.5418926886792453 0.6298742138364782
0 0.23572979273466502 0.44791151081256264 0.16618984223086436 0.3193679659419008 0.02646444670319952 0.4537486742089446 0.09600439720700019 0.5822922190796064
5 0.39290865384615387 0.42147435897435914 0.28581730769230773 0.32628205128205134 0.2165865384615385 0.46474358974358976 0.3236778846153846 0.5599358974358976
7 0.2730105498016748 0.6840201263405317 0.10926619656236239 0.6612099676803289 0.09545332470251224 0.837488522844131 0.2591976779418247 0.8602986815043338
7 0.703125 0.5291666666666669 0.5546875 0.5291666666666669 0.5546875 0.7083333333333334 0.703125 0.7083333333333334
7 0.6625 1.7680838162689913e-16 0.5 1.6354137463613612e-16 0.5 0.12916666666666685 0.6625 0.12916666666666687
1 0.31745283018867937 0.6268867924528304 0.2363060141509435 0.4321344339622641 0.09369103773584905 0.5377751572327044 0.17483785377358496 0.7325275157232707
1 0.43186235549132945 0.2824012524084779 0.3770429913294796 0.055002408477842005 0.24806900289017325 0.11027697495183049 0.30288836705202304 0.33767581888246645
1 0.29448735955056177 0.10217696629213488 0.1460323033707865 -0.021535580524344514 0.06404494382022471 0.15337078651685393 0.2125 0.27708333333333335
1 0.7945913461538463 0.40977564102564157 0.7004807692307692 0.3261217948717954 0.6331730769230768 0.46073717948717996 0.7272836538461539 0.5443910256410263
1 0.569503133033419 0.6032696015424165 0.44722445372750635 0.5610004284490145 0.4141589010282775 0.7310518423307628 0.5364375803341902 0.7733210154241646
1 0.796875 2.2502884934332614e-16 0.640625 2.122721118522079e-16 0.640625 0.19375000000000023 0.796875 0.19375000000000023
1 0.15680636859103755 0.6954363477324722 0.10730722648364957 0.5356496433858162 0.017383679854662847 0.5851727560220698 0.06688282196205086 0.7449594603687257
1 0.360257289588246 0.32022945764556515 0.26207345138762933 0.1868001390652397 0.2000654702521313 0.26791749803494774 0.298249308452748 0.40134681661527316
