2 0.6289903846153846 0.8728525641025638 0.6226490384615384 0.7206602564102563 0.5059951923076922 0.7293012820512819 0.5123365384615385 0.8814935897435896
2 0.37812499999999993 0.6499999999999999 0.35811222808174026 0.62607668644254 0.3160946769940671 0.6885643265216435 0.33610744891232686 0.7124876400791034
2 0.4626917870036101 0.6965929602888088 0.3778768050541518 0.6238944043321302 0.3113210740072203 0.7619359205776175 0.39613605595667867 0.8346344765342962
2 0.3512089416058396 0.7257755474452555 0.2592495437956206 0.6811891727493916 0.23215100364963512 0.7805504866180049 0.3241104014598541 0.8251368613138688
2 0.30781250000000016 0.45416666666666666 0.20468750000000005 0.45416666666666666 0.20468750000000008 0.5729166666666666 0.30781250000000016 0.5729166666666666
3 0.6654560268430518 0.5043764449011046 0.5573083900590804 0.4880961554927648 0.5312696667094785 0.7956010788594914 0.6394173034934499 0.8118813682678312
3 0.5616334627422205 0.37504074445675734 0.48849700687352116 0.254630579432348 0.2526007348977208 0.5093542533968275 0.32573719076642016 0.6297644184212369
3 0.5699731334841628 0.409502262443439 0.5556264140271492 0.366210407239819 0.4593749999999998 0.42291666666666666 0.4737217194570135 0.46620852187028666
5 0.659375 0.25208333333333355 0.584375 0.25208333333333355 0.584375 0.3750000000000002 0.659375 0.3750000000000002
7 0.7 0.58125 0.6265625 0.58125 0.6265625 0.6333333333333333 0.7 0.6333333333333333
7 0.2731617647058825 0.6452205882352945 0.1503676470588237 0.6042892156862748 0.12463235294117662 0.741544117647059 0.24742647058823541 0.7824754901960786
7 0.3429075 0.40597000000000005 0.2762575 0.35723666666666676 0.24128 0.44228000000000006 0.30793 0.49101333333333336
7 0.5485576923076924 0.6741987179487181 0.4472956730769231 0.647195512820513 0.42998798076923084 0.7625801282051283 0.5312500000000001 0.7895833333333334
1 0.45625 0.5041666666666669 0.3484375000000002 0.5041666666666668 0.3484375000000002 0.6520833333333333 0.45625 0.6520833333333333
1 0.6903124999999999 0.4804166666666669 0.64625 0.3629166666666667 0.5693749999999997 0.4141666666666667 0.6134374999999997 0.5316666666666668
1 0.41744087837837834 0.3353603603603604 0.35750844594594583 0.2254842342342343 0.2700844594594594 0.31025900900900905 0.3300168918918919 0.4201351351351351
0 0.5984375 0.4250000000000002 0.484375 0.4250000000000002 0.484375 0.56875 0.5984375 0.56875
0 0.6025898972602739 0.2900970319634705 0.5084118150684931 0.24300799086758001 0.47848886986301364 0.34940068493150706 0.5726669520547945 0.3964897260273975
0 0.7787709295612009 0.4020881447267131 0.720442407621247 0.2919120477290224 0.6422885392609698 0.36546862971516564 0.7006170612009237 0.47564472671285635
0 0.5618243243243245 0.5574887387387388 0.46300675675675695 0.5355292792792793 0.4478885135135136 0.6564752252252255 0.5467060810810811 0.678434684684685
0 0.3111661585365854 0.625660569105691 0.22560975609756095 0.5344004065040651 0.17789634146341454 0.6139227642276424 0.263452743902439 0.7051829268292684
1 0.7254482581967215 0.6621755464480876 0.642879098360656 0.5940232240437161 0.5921311475409837 0.7033265027322407 0.6747003073770493 0.7714788251366123
1 0.5264062500000002 0.7818750000000001 0.43125 0.7395833333333335 0.40328125000000004 0.8514583333333335 0.4984375000000002 0.8937500000000003
1 0.6828485703043021 0.8579092339979015 0.5711552334732424 0.7887657397691501 0.5323632607555089 0.9001683280867437 0.6440565975865686 0.9693118223154951
5 0.3515625 0.6354166666666666 0.3087282663740714 0.6093081814089579 0.2827829591492234 0.6849819941480982 0.325617192775152 0.7110904794058069
