3 0.6276420441293091 0.7106447575064919 0.5500236157111535 0.39792123431450305 0.45597353582590844 0.43942055013916753 0.533591964244064 0.7521440733311564
3 0.5084650029533374 0.6154570289427055 0.46123837123449524 0.5848235380980511 0.36460332988777333 0.8496751329001777 0.4118299616066155 0.8803086237448322
3 0.6100536518162063 0.9090939666770157 0.40405444737659124 0.8391790851702371 0.38756500310462594 0.9255523646900552 0.5935642075442409 0.9954672461968337
5 0.44896887159533083 0.6163359273670559 0.4124537937743192 0.5956809338521402 0.3844844357976653 0.6835846303501948 0.42099951361867705 0.7042396238651105
0 0.4145198170731709 0.5299288617886181 0.3414939024390245 0.48498983739837415 0.30861280487804876 0.5799796747967484 0.3816387195121952 0.6249186991869924
0 0.5415140086206895 0.3951508620689656 0.4662715517241377 0.35215517241379324 0.4339439655172413 0.4527298850574715 0.5091864224137932 0.4957255747126439
0 0.5709047462096243 0.7221160184574821 0.502950931114041 0.6408838716765548 0.45003398978246556 0.7195808613491542 0.5179878048780489 0.8008130081300815
0 0.4014191513761468 0.6499426605504589 0.3929099770642202 0.5847056574923548 0.30731938073394505 0.604552752293578 0.3158285550458716 0.6697897553516821
2 0.715625 0.5979166666666667 0.621875 0.5979166666666667 0.621875 0.7125 0.715625 0.7125
2 0.6243509615384614 0.6031730769230772 0.5807932692307692 0.5015384615384619 0.5346875 0.536666666666667 0.5782451923076921 0.6383012820512822
7 0.37434232573726545 0.7608858355674712 0.2955470844504021 0.7200290437890975 0.26774882707774794 0.8153373547810546 0.34654406836461127 0.8561941465594283
7 0.6109375 0.7791666666666667 0.51875 0.7791666666666667 0.51875 0.8895833333333333 0.6109375 0.8895833333333333
7 0.6557432432432432 0.48552927927927936 0.5997255067567567 0.4321790540540542 0.5577069256756756 0.510613738738739 0.613724662162162 0.5639639639639642
7 0.4897737169066419 0.36124690354544065 0.447562267765908 0.3186551710791146 0.3991182361820715 0.4040089410125409 0.44132968532280537 0.44660067347886695
1 0.39843750000000017 0.6416666666666667 0.3187500000000002 0.6416666666666667 0.3187500000000002 0.75625 0.39843750000000017 0.75625
1 0.490625 0.48125000000000023 0.434375 0.48125000000000023 0.434375 0.5916666666666667 0.490625 0.5916666666666667
1 0.7117187500000002 0.5468750000000002 0.6546875000000001 0.47083333333333344 0.6 0.5437500000000001 0.6570312500000001 0.6197916666666669
1 0.46875 0.4833333333333335 0.41875000000000007 0.4166666666666669 0.3671875000000001 0.4854166666666669 0.4171875 0.5520833333333336
1 0.5350331858407079 0.7897529498525074 0.4587997787610618 0.7481710914454278 0.4269662610619469 0.851924778761062 0.503199668141593 0.8935066371681416
1 0.6872491865509762 0.7285520607375273 0.6209835954446855 0.6820498915401303 0.5879372288503253 0.7657673535791758 0.654202819956616 0.8122695227765728
1 0.33438619269340975 0.7176546084049666 0.31485941977077364 0.6715914517669533 0.26285816618911184 0.7107808022922637 0.28238493911174795 0.756843958930277
