5 0.6347472788824136 0.5393040795337675 0.6323984401782655 0.37018769283510455 0.5424987144326364 0.3724074391498114 0.5448475531367845 0.5415238258484742
3 0.7585000000000002 0.3269166666666669 0.6360000000000001 0.3035833333333336 0.5845 0.7842500000000002 0.7070000000000001 0.8075833333333335
3 1.0059849926092193 0.36867677652469083 0.7499537734041388 -0.03997645899485368 0.6382340482316872 0.0844593324573891 0.8942652674367679 0.49311256797693365
3 0.962218237704918 0.8812841530054645 0.9524590163934427 0.7381489071038252 0.6106813524590163 0.7795765027322404 0.6204405737704917 0.9227117486338797
7 0.5525934278350516 0.6593427835051547 0.4047454896907217 0.6503823024054984 0.3984922680412372 0.833810137457045 0.5463402061855671 0.8427706185567013
0 0.9024759615384614 0.5597435897435897 0.8823557692307691 0.3451282051282051 0.7231249999999998 0.37166666666666665 0.7432451923076921 0.5862820512820512
1 0.868553334295612 0.5927708814472673 0.7282729503464204 0.5605225173210164 0.7026342378752888 0.7587952270977678 0.8429146218244803 0.7910435912240188
1 0.5899030172413793 0.47821839080459777 0.4389978448275863 0.46145114942528737 0.426896551724138 0.65507183908046 0.5778017241379311 0.6718390804597704
1 0.4694819993819531 0.6291177379480843 0.3977533992583438 0.5578579522043676 0.3226429233621756 0.6922661722290895 0.39437152348578497 0.7635259579728062
1 0.7296875 0.10000000000000019 0.5796875 0.10000000000000017 0.5796875 0.30625000000000024 0.7296875 0.30625000000000024
1 0.60234375 0.18020833333333364 0.48779560810810807 0.07111486486486492 0.41421030405405385 0.20847409909909909 0.5287584459459458 0.3175675675675678
1 0.65906669865643 0.32035108765195164 0.5634380998080614 0.23231206014075517 0.507654150671785 0.3400327895073579 0.6032827495201535 0.42807181701855435
2 0.9398437499999999 0.1968750000000001 0.8429687499999998 0.06770833333333356 0.80390625 0.11979166666666684 0.90078125 0.2489583333333334
0 0.5078125 0.23958333333333345 0.3734375 0.23958333333333345 0.3734375 0.4291666666666669 0.5078125 0.4291666666666669
0 0.709375 1.9415754461481998e-16 0.55625 1.8165594187352406e-16 0.55625 0.11041666666666687 0.709375 0.11041666666666689
0 0.5179630850362557 0.4585420786640299 0.4421236404087014 0.36788343221270053 0.34818000164798935 0.5075944847286312 0.42401944627554367 0.5982531311799606
7 0.9984375 0.5291666666666669 0.853125 0.5291666666666669 0.853125 0.7187500000000004 0.9984375 0.7187500000000004
7 0.56875 1.5869381438951117e-16 0.4578125 1.4963653077081723e-16 0.4578125 0.11250000000000018 0.56875 0.11250000000000018
7 0.9239791333865816 0.0006955537806179635 0.7920651956869008 -0.006339856230031696 0.7877471046325877 0.13759651224707162 0.9196610423322683 0.14463192225772126
