2 0.6265203125000001 0.6982541666666667 0.4861481841216214 0.6670603603603605 0.46469531249999996 0.8386833333333336 0.6050674408783785 0.8698771396396398
2 0.625896875 0.26583750000000006 0.5549172004918849 0.18634164604426867 0.4865843749999999 0.2948083333333333 0.557564049508115 0.37430418728906467
3 0.9682140625000002 0.6665145833333332 0.8945296875000002 0.49412083333333323 0.542117012761779 0.7619037578448888 0.615801387761779 0.9342975078448889
3 0.9859984374999998 0.7270562500000003 0.9652352377783971 0.6474620998803621 0.8249993002783974 0.7124975165470285 0.8457625 0.7920916666666667
3 0.8734375 0.22500000000000012 0.56875 0.22500000000000012 0.56875 0.3937500000000001 0.8734375 0.3937500000000001
3 0.8619362262146272 0.41465240412969356 0.7758703124999998 0.3190229166666669 0.7443637737853723 0.3694330125369735 0.8304296874999997 0.4650625000000002
5 0.716965625 0.6228958333333333 0.6371588964228989 0.5001159303922812 0.5581015625000002 0.5914708333333334 0.6379082910771013 0.7142507362743855
5 0.5514328160188545 0.5791916206843287 0.45293595359977806 0.5657914562841561 0.44738125 0.6383770833333334 0.5458781124190765 0.651777247733506
7 0.8797312500000001 0.7860895833333333 0.8495584154633263 0.6804830270709896 0.7360453124999999 0.7381395833333333 0.7662181470366736 0.8437461395956769
7 0.6595281250000001 0.7065041666666668 0.5781246665727215 0.5708327776254692 0.5177203125000001 0.6352645833333334 0.5991237709272785 0.7709359723745309
7 0.689040625 0.23409374999999996 0.662616214908131 0.16975581927501207 0.5887193399081311 0.22371206927501205 0.61514375 0.28805
7 0.47570781249999994 0.3210666666666668 0.3733094353739749 0.3105635369240447 0.36468750000000005 0.46000000000000013 0.46708587712602523 0.4705031297426222
1 0.9848157440442893 0.4673229530419571 0.8329296875000001 0.42091250000000013 0.7983983184557106 0.6218187136247099 0.9502843749999998 0.6682291666666668
1 0.8709313245171645 0.23654930768875287 0.8620640625 0.07102291666666667 0.7754514879828356 0.07927152564458045 0.78431875 0.2447979166666667
1 0.798249772943552 0.2250540417049752 0.7900390624999999 0.06906041666666667 0.6666049145564478 0.08061054162835808 0.6748156249999999 0.23660416666666662
1 0.7725665335332191 0.3985963398822905 0.7403109375 0.30664791666666674 0.6370874715896548 0.3710228356795897 0.669343067622874 0.46297125889521346
1 0.6641734375 0.5269125 0.6544670968643405 0.35867551237359546 0.5341453125 0.3710166666666667 0.5438516531356596 0.5392536542930713
1 0.7755739989391838 0.8491101827309758 0.7390687499999999 0.6933562499999998 0.6035697510608161 0.7498148172690241 0.6400750000000001 0.9055687499999999
1 0.5453125 0.6687500000000001 0.484375 0.5875000000000001 0.4046875 0.6937500000000002 0.465625 0.7750000000000002
1 0.6131058020540721 0.9261993754061044 0.5703406249999998 0.7905333333333334 0.45267388544592785 0.8564735412605624 0.4954390625 0.9921395833333333
0 0.0016253134231905462 0.000799967996061054 0.0014859374999999996 0.00038958333333333347 0.0012512490768094534 0.0005312820039389463 0.001390625 0.0009416666666666669
0 0.5678012190101938 0.3497028393179493 0.48525774691710566 0.29851245932793746 0.44448906250000003 0.41538125000000026 0.5270325345930881 0.4665716299900121
0 0.8362173901031434 0.4225271447282254 0.6929765625 0.37912083333333346 0.6605138598968566 0.5695686886051082 0.8037546875 0.6129750000000002
2 0.5653391038119493 0.5214729632752327 0.4721125 0.4162937500000001 0.4040140211880507 0.5235999533914341 0.497240625 0.6287791666666668
0 1.023652663934426 0.34357240437158476 0.950061475409836 0.185068306010929 0.8180046106557377 0.2940676229508197 0.8915957991803278 0.4525717213114754
0 0.9203125 0.21875 0.8972043918918919 0.17638513513513523 0.810152027027027 0.2607995495495496 0.833260135135135 0.3031644144144144
0 0.9984375000000002 0.49166666666666686 0.968324685833968 0.4906752982990608 0.9651996858339681 0.6594252982990609 0.9953125000000002 0.6604166666666669
1 0.9984375 0.3854166666666668 0.9046875 0.3854166666666668 0.9046875 0.5083333333333334 0.9984375 0.5083333333333334
