2 0.6346875 0.7804166666666668 0.60703125 0.6697916666666666 0.5203125 0.7083333333333333 0.54796875 0.8189583333333333
2 0.4693927522037219 0.6773975677440418 0.413611043095005 0.650126509957558 0.4036789911851127 0.6862430623571665 0.4594607002938297 0.7135141201436502
2 0.3873317307692308 0.716378205128205 0.34233173076923085 0.7088782051282051 0.3336298076923078 0.8016987179487179 0.37862980769230775 0.8091987179487179
2 0.45625 0.6875 0.37500000000000017 0.6875 0.37500000000000017 0.81875 0.45625 0.81875
2 0.36831015415549595 0.5526586237712243 0.34209534182305634 0.4627792672028598 0.25975619973190345 0.5054736371760501 0.28597101206434306 0.5953529937444146
3 0.7171875 0.3520833333333336 0.55625 0.3520833333333336 0.55625 0.6770833333333334 0.7171875 0.6770833333333334
3 0.3687500000000002 0.56875 0.2875000000000002 0.56875 0.2875000000000002 0.6166666666666667 0.3687500000000002 0.6166666666666667
3 0.4852069112627985 0.5490116609783845 0.4807487201365187 0.49848549488054594 0.4287116040955629 0.5066481797497153 0.4331697952218428 0.5571743458475539
3 0.6239318647540986 0.4376673497267762 0.585284323770492 0.4175034153005466 0.5227868852459017 0.6304576502732241 0.5614344262295082 0.6506215846994539
3 0.49439406531091123 0.3628014600443229 0.276407899882675 0.23011422891409214 0.25491359503324207 0.2928912462521185 0.4728997604614783 0.4255784773823493
5 0.4609375 0.23958333333333345 0.38125 0.23958333333333345 0.38125 0.32708333333333356 0.4609375 0.32708333333333356
7 0.6877403846153847 0.5442307692307693 0.6291466346153847 0.5286057692307693 0.6181490384615385 0.6019230769230771 0.6767427884615385 0.617548076923077
7 0.3598340850515466 0.7104918384879727 0.27188305412371144 0.6653887457044675 0.23950547680412376 0.7776310137457048 0.327456507731959 0.8227341065292101
7 0.3579044117647059 0.49215686274509796 0.3386948529411765 0.3897058823529411 0.277297794117647 0.41017156862745097 0.29650735294117647 0.5126225490196078
7 0.5730475917431195 0.6703440366972482 0.5222133027522936 0.6065519877675842 0.46560779816513753 0.6867431192660551 0.5164420871559633 0.7505351681957192
7 0.644055929697766 0.4132583223828297 0.6079315867279893 0.3625574901445467 0.5860442674113007 0.39028142794568565 0.6221686103810774 0.4409822601839687
1 0.6016240426695842 0.33394420131291036 0.5354246444201313 0.3171316557257477 0.5206270514223195 0.42071480671043043 0.5868264496717724 0.4375273522975931
1 0.5899999999999999 0.4641666666666668 0.5458490566037735 0.4102044025157234 0.5001238207547168 0.4767138364779876 0.5442747641509433 0.530676100628931
1 0.5105280172413792 0.4976149425287358 0.5043103448275861 0.398132183908046 0.4240086206896551 0.4070545977011495 0.43022629310344823 0.5065373563218393
1 0.4378124999999999 0.41958333333333353 0.3718125 0.3535833333333336 0.32212500000000005 0.4419166666666669 0.38812499999999994 0.5079166666666669
1 0.4434533005617977 0.536992041198502 0.3919698033707865 0.4802855805243447 0.3382654494382023 0.5669662921348319 0.3897489466292135 0.623672752808989
1 0.4109375 0.5979166666666667 0.32031250000000017 0.5979166666666667 0.32031250000000017 0.7104166666666667 0.4109375 0.7104166666666667
1 0.5392636986301368 0.8160901826484018 0.531224315068493 0.7142579908675799 0.45997431506849307 0.7242579908675799 0.46801369863013687 0.8260901826484018
1 0.6941892971246004 0.6520234291799787 0.6436301916932907 0.5789936102236424 0.5839257188498401 0.6524760383386584 0.6344848242811499 0.7255058572949947
1 0.6828124999999999 0.7958333333333333 0.6296875 0.7250000000000001 0.56015625 0.8177083333333337 0.6132812499999999 0.8885416666666669
1 0.37660980866274185 0.36753574432296054 0.31116615853658536 0.31808943089430897 0.28887063708999156 0.3705494813568826 0.3543142872161481 0.41999579478553417
0 0.7031909583571021 0.33521225518159353 0.6573695094124357 0.2628030519110096 0.5905982601254989 0.33792070735881347 0.6364197090701653 0.4103299106293974
0 0.5496670081967213 0.3486338797814209 0.4965163934426231 0.2635928961748635 0.4434938524590164 0.32250683060109303 0.4966444672131146 0.40754781420765046
0 0.5720000000000002 0.5842500000000002 0.5180000000000002 0.48825000000000013 0.46100000000000013 0.5452500000000003 0.515 0.6412500000000002
0 0.5169733146067417 0.595543071161049 0.4373384831460676 0.5306554307116106 0.39353932584269674 0.6262172284644196 0.4731741573033708 0.6911048689138579
0 0.32343750000000016 0.6166666666666667 0.2640625000000002 0.6166666666666667 0.2640625000000002 0.6958333333333333 0.32343750000000016 0.6958333333333333
0 0.6816367574257427 0.5406765676567659 0.6239325495049507 0.532982673267327 0.6187500000000001 0.6020833333333336 0.6764542079207922 0.6097772277227727
