2 0.8623798076923078 0.7491987179487184 0.7610576923076924 0.6591346153846158 0.6810096153846155 0.8192307692307698 0.7823317307692309 0.9092948717948723
2 0.3675905652866242 0.6901605626326965 0.33340465764331206 0.5351844479830149 0.19416301751592355 0.5897890127388535 0.22834892515923572 0.7447651273885352
3 0.7093254892823857 0.6428529822926379 0.6703052190121154 0.40501514445479986 0.5927656104380242 0.4276308636222431 0.6317858807082944 0.6654687014600812
3 0.6479966286307055 0.3501210235131399 0.3117997925311204 0.23058437067773183 0.272640041493776 0.42638312586445376 0.6088368775933611 0.5459197786998619
3 0.8016108247422681 0.7173324742268044 0.7311855670103091 0.506056701030928 0.44210695876288647 0.6773625429553267 0.5125322164948453 0.888638316151203
5 0.60234375 0.5052083333333334 0.5375 0.4187500000000001 0.4578124999999999 0.5250000000000001 0.5226562499999998 0.6114583333333333
7 0.4609375000000003 0.85 0.29218750000000016 0.85 0.29218750000000016 0.9979166666666667 0.46093750000000033 0.9979166666666667
7 0.7143028846153847 0.5182692307692309 0.7006009615384615 0.5060897435897438 0.6837740384615383 0.53974358974359 0.6974759615384615 0.5519230769230771
7 0.31943950177935954 0.5554418742586004 0.28949621886121 0.4276838671411625 0.1789979982206406 0.47372479240806636 0.20894128113879007 0.6014827995255042
7 0.7002193767908311 0.3706363419293222 0.6105815723495702 0.30308321394460386 0.57082960243553 0.39685709169054467 0.660467406876791 0.464410219675263
0 0.7442020939086293 0.3563557529610828 0.7358343908629441 0.20015862944162435 0.6181313451776649 0.21136844331641286 0.6264990482233501 0.36756556683587127
1 0.4292510775862069 0.5505244252873563 0.42165409482758626 0.37832614942528725 0.28994073275862065 0.3886566091954021 0.2975377155172413 0.5608548850574713
1 0.30279927616926494 0.4465979955456571 0.2892107461024498 0.30467334818114333 0.17965966035634745 0.3233203414996288 0.19324819042316257 0.4652449888641427
1 0.5329814189189188 0.4388513513513514 0.4484374999999998 0.3583333333333334 0.3808699324324323 0.4844594594594597 0.4654138513513513 0.5649774774774776
1 0.6234302699228791 0.36027527849185986 0.5460282776349613 0.27024742930591283 0.5132230077120822 0.32038881748071996 0.590625 0.41041666666666704
1 0.85 0.5416666666666672 0.7515625 0.5416666666666672 0.7515625 0.6854166666666671 0.85 0.6854166666666671
1 0.4923975267644726 0.6713231892677771 0.4666299068199843 0.5182791435368757 0.32649806701030926 0.5602233676975945 0.3522656869547977 0.7132674134284961
1 0.5255000000000003 0.748416666666667 0.3945250000000001 0.6526500000000002 0.3298825000000001 0.8098200000000003 0.4608575000000002 0.9055866666666671
1 0.7408653846153848 0.9516025641025642 0.7161057692307694 0.7865384615384614 0.5893028846153847 0.820352564102564 0.6140625000000001 0.9854166666666667
1 0.8880877293577981 0.8824732415902142 0.8612958715596332 0.7633983180428134 0.7311353211009173 0.8154625382262997 0.7579271788990825 0.9345374617737003
0 0.38577906050955424 0.8230817409766457 0.2952484076433122 0.7329761146496819 0.1941011146496817 0.9136417197452232 0.2846317675159237 1.003747346072187
0 0.6265624999999999 0.6354166666666667 0.5223490168539324 0.5485720973782773 0.4747717696629213 0.6500702247191011 0.5789852528089887 0.7369147940074907
0 0.647206340956341 0.6095287595287596 0.5842645530145532 0.5308515246015247 0.5546875 0.5729166666666669 0.617629287941788 0.6515939015939018
3 0.37633179530201344 0.7697846756152128 0.36532088926174505 0.6865911633109618 0.2214555369127517 0.7204418344519012 0.2324664429530201 0.8036353467561522
