2 0.7207071799307958 0.8241637831603232 0.6583369377162629 0.668238177623991 0.5325529844290656 0.7576845444059978 0.5949232266435984 0.9136101499423303
2 0.4976562500000002 0.7468750000000003 0.4000000000000001 0.6166666666666668 0.27890625 0.7781250000000003 0.3765625000000001 0.9083333333333337
2 0.2815572331460675 0.3891970973782772 0.12236657303370788 0.3402153558052435 0.08913272471910115 0.5322331460674158 0.24832338483146071 0.5812148876404495
2 0.34705188679245297 0.7799921383647802 0.2739534198113208 0.7258451257861637 0.20120872641509457 0.9004323899371071 0.2743071933962267 0.9545794025157235
3 0.6451835709536825 0.7183861823151364 0.6285094786511044 0.4318388183004604 0.5427916312698532 0.44070618182265875 0.5594657235724313 0.7272535458373348
3 0.3078125 0.2604166666666668 0.2359375 0.2604166666666668 0.2359375 0.3333333333333333 0.3078125 0.3333333333333333
3 0.5574265844922335 0.2556161680592162 0.4580290928335108 0.0967992392381166 0.17249148348567256 0.4145008551561713 0.27188897514439525 0.5733177839772708
3 0.5754039881166725 0.7398436562237428 0.5483331270255671 0.5641838464770136 0.5067662382967228 0.5755720351698476 0.5338370993878283 0.7512318449165768
3 0.5895474137931034 0.30890804597701177 0.5677801724137931 0.23635057471264379 0.4328124999999998 0.3083333333333334 0.45457974137931023 0.38089080459770136
5 0.3988122171945702 0.6270079185520364 0.3085972850678734 0.4946926847662142 0.19598416289592754 0.6311934389140271 0.2861990950226244 0.7635086726998493
7 0.6822667974079129 0.5452393133242386 0.6415256224420192 0.4822262960436564 0.5920713250341063 0.5390703160527515 0.6328125000000001 0.6020833333333339
7 0.26709316037735864 0.663309748427673 0.06699587264150958 0.6517099056603773 0.05897405660377373 0.8977122641509436 0.2590713443396228 0.9093121069182393
7 0.2665808823529412 0.24634803921568635 0.14101102941176474 0.2091421568627451 0.11575367647058825 0.3606862745098039 0.24132352941176474 0.3978921568627451
7 0.5612379807692309 0.7561698717948718 0.5386418269230772 0.6055288461538464 0.42806490384615403 0.6350160256410259 0.45066105769230774 0.7856570512820513
1 0.3560624999999999 0.2503333333333334 0.3335937499999999 0.04062500000000002 0.17828124999999992 0.07020833333333334 0.20074999999999993 0.27991666666666676
1 0.6891702586206898 0.38994252873563223 0.6420797413793105 0.23297413793103447 0.5615301724137931 0.27593390804597706 0.6086206896551725 0.4329022988505748
0 0.4411813478376227 0.1906031661802424 0.42551447665163167 0.09419165118952864 0.328083128814009 0.12233848500928632 0.3437499999999999 0.21875000000000006
0 0.59109375 0.12104166666666677 0.46359374999999997 0.06437500000000013 0.42859375 0.20437500000000017 0.5560937499999999 0.2610416666666668
0 0.768658088235294 0.26924019607843147 0.6889776583710405 0.15237556561085988 0.6066954185520361 0.25211161387632 0.6863758484162895 0.3689762443438916
0 0.6325969827586209 0.46386494252873567 0.5824892241379311 0.29683908045977003 0.4588362068965518 0.36278735632183917 0.5089439655172414 0.5298132183908048
0 0.23118124785149546 0.5638191818494328 0.09667142918528708 0.5299802337573049 0.07217847628050879 0.7030637676177381 0.20668829494671717 0.736902715709866
0 0.5474641393442622 0.6184426229508198 0.5411485655737704 0.4542377049180327 0.4452469262295081 0.460795081967213 0.4515624999999999 0.625
1 0.5129019147398843 0.5564125722543357 0.42423229768786114 0.3951950867052026 0.30778992052023113 0.5090498554913298 0.3964595375722543 0.6702673410404628
1 0.48100470681903335 0.4552360434619708 0.47655342590857996 0.31081670725615074 0.3335799925065567 0.3186508679905082 0.33803127341701 0.4630702041963282
1 0.7696114864864865 0.6156081081081084 0.6778209459459458 0.5265990990990992 0.6102533783783782 0.6504729729729731 0.7020439189189189 0.7394819819819822
1 0.5700866336633665 0.9296782178217824 0.5645637376237624 0.7554001650165016 0.4156658415841584 0.7637887788778879 0.4211887376237624 0.9380668316831685
1 0.7206096311475411 0.9298087431693991 0.7001178278688525 0.813688524590164 0.559205942622951 0.8578961748633881 0.5796977459016395 0.9740163934426231
