1 0.8745319812792509 0.6356831773270931 0.8572055382215286 0.4912961518460738 0.7419681162246486 0.5158801352054083 0.759294559282371 0.6602671606864275
1 0.9984375 0.34791666666666693 0.9171875 0.34791666666666693 0.9171875 0.47291666666666693 0.9984375 0.47291666666666693
1 0.7515625 0.5187500000000003 0.7 0.5187500000000003 0.7 0.6291666666666669 0.7515625 0.629166666666667
1 0.701364536199095 0.40070701357466115 0.6484799208144796 0.33660444947209683 0.5838588800904976 0.4313819758672702 0.6367434954751129 0.4954845399698345
1 0.7089171974522293 0.25582537154989404 0.6138335987261148 0.21853768577494712 0.585718550955414 0.3459925690021234 0.6808021496815286 0.38328025477707034
3 0.8601918827342369 0.7836640640345713 0.6890925162050675 0.42051438813592645 0.5777747495580435 0.5137549106265962 0.7488741160872128 0.876904586525241
3 0.6403125000000001 0.40708333333333363 0.5634374999999999 0.3558333333333334 0.4378124999999999 0.6908333333333334 0.5146875 0.7420833333333335
3 0.9556326219512197 0.27157520325203294 0.7371493902439024 0.13712398373983758 0.6832774390243902 0.2927540650406506 0.9017606707317075 0.4272052845528459
0 0.7462642653352354 0.234932239657632 0.7270060627674751 0.10140870185449356 0.606811697574893 0.13222776985259146 0.6260699001426533 0.2657513076557299
0 0.8796875 0.42083333333333367 0.803125 0.31875000000000026 0.721875 0.42708333333333365 0.7984375 0.5291666666666671
0 0.8395165745856354 0.34983655616942927 0.8196702348066299 0.28247928176795584 0.721148135359116 0.33408609576427256 0.7409944751381217 0.401443370165746
7 0.6439981617647058 0.6365318627450983 0.63390625 0.5064583333333333 0.5678566176470589 0.5155686274509804 0.5779485294117647 0.6456421568627454
7 0.9632172131147542 0.670935792349727 0.8647182377049182 0.6400341530054646 0.8363370901639346 0.8008606557377053 0.9348360655737705 0.8317622950819674
2 0.9896570121951219 0.5025508130081303 0.8761204268292684 0.4701117886178865 0.8521112804878049 0.6195020325203255 0.9656478658536585 0.6519410569105695
2 0.9984375 0.19375000000000028 0.903125 0.19375000000000026 0.903125 0.3437500000000002 0.9984375 0.3437500000000002
1 0.9576587018544936 0.2131003328578221 0.937854404422254 0.07579053732762712 0.8364367867332383 0.10179505468378496 0.856241084165478 0.23910485021397992
1 0.9984375 0.10208333333333366 0.95625 0.10208333333333365 0.95625 0.19583333333333366 0.9984375 0.1958333333333337
7 0.8625000000000002 0.1062500000000003 0.8119385103926099 0.0959911470361819 0.8010010103926097 0.19182448036951522 0.8515625 0.2020833333333336
5 0.8100754310344825 0.18462643678160917 0.8067349137931032 0.10890804597701151 0.7430765086206896 0.11390086206896552 0.7464170258620688 0.18961925287356315
5 0.7640834731543624 0.507102908277405 0.7481963087248322 0.3870665548098434 0.689010067114094 0.40099272930648766 0.7048972315436242 0.5210290827740492
