2 0.5109375 0.875 0.37812500000000016 0.875 0.37812500000000016 0.9979166666666667 0.5109375000000002 0.9979166666666667
2 0.29641784934497817 0.7277201601164484 0.28877592794759827 0.6513009461426492 0.1927742903930131 0.668367903930131 0.20041621179039307 0.7447871179039303
3 0.7507382454128442 0.709566131498471 0.7086439220183487 0.6053325688073395 0.44709719036697243 0.7931097094801224 0.4891915137614678 0.897343272171254
3 0.518412784852547 0.839468833780161 0.4824396782841823 0.8183646112600538 0.46221095844504034 0.8796637622877572 0.49818406501340495 0.9007679848078644
3 0.31643835616438365 0.8373858447488585 0.21660958904109603 0.7874714611872146 0.19098886986301375 0.8785673515981737 0.2908176369863014 0.9284817351598176
3 0.48523693615972385 0.5637627351902063 0.3340200964382548 0.4787412188809465 0.29852781457973865 0.5909644339002548 0.4497446543012077 0.6759859502095147
5 0.4942603277734678 0.5574039953452291 0.4811009018619085 0.4806406775277993 0.4055396625290923 0.5036688647530384 0.41869908844065157 0.5804321825704682
7 0.2059375000000001 0.78 0.09593750000000008 0.7066666666666668 0.0653125000000001 0.7883333333333333 0.17531250000000012 0.8616666666666667
7 0.31620702005730666 0.6367896370582619 0.27156160458452727 0.6202542979942695 0.2601450573065903 0.6750537249283667 0.30479047277936966 0.6915890639923592
7 0.4312500000000001 0.8770833333333338 0.4043179391350774 0.8347615234027409 0.3479653296849973 0.8985139704573768 0.37489739054992 0.9408357803879696
1 0.5012620192307693 0.7313301282051282 0.4427884615384617 0.6310897435897436 0.3718269230769231 0.7046794871794871 0.4303004807692307 0.8049198717948719
1 0.4177913851351353 0.6341272522522523 0.33953969594594613 0.5788907657657657 0.3021790540540542 0.6729842342342344 0.3804307432432434 0.7282207207207209
0 0.6744911029087703 0.6308992581166447 0.6571376432349051 0.6023624577640664 0.5940254517408549 0.6705918539738505 0.6113789114147201 0.6991286543264289
0 0.5585336538461539 0.6806089743589747 0.5106971153846154 0.5849358974358975 0.44579326923076906 0.6426282051282051 0.4936298076923077 0.7383012820512823
1 0.600652491648107 0.7167107461024501 0.5807923858574611 0.6617135300668153 0.5019609548997772 0.7123213622865628 0.5218210606904232 0.7673185783221977
1 0.6119509317521782 0.861975637302356 0.5379338092933205 0.8004969344949989 0.4711901016456922 0.943351887705712 0.5452072241045499 1.0048305905130692
1 0.3066793757126568 0.8218643101482327 0.28885939281641965 0.707024420372482 0.1775156784492588 0.7377399277841126 0.19533566134549601 0.8525798175598633
0 0.43062500000000015 0.7662500000000002 0.32875000000000004 0.6983333333333335 0.28093749999999995 0.8258333333333335 0.38281250000000006 0.8937500000000003
