2 0.7133293269230767 0.6582211538461541 0.687403846153846 0.5314743589743591 0.585733173076923 0.568445512820513 0.6116586538461537 0.6951923076923078
2 0.43027573529411767 0.7410294117647058 0.42597426470588234 0.715220588235294 0.36972426470588227 0.7318872549019607 0.37402573529411753 0.7576960784313725
2 0.4537992738589212 0.7325380359612726 0.43242997925311205 0.6256915629322268 0.38215119294605804 0.6435684647302904 0.4035204875518671 0.7504149377593362
2 0.5425595891915642 0.7103745606326891 0.5219628734622145 0.5809094903339191 0.42287044156414755 0.6089356326889279 0.4434671572934974 0.738400702987698
3 0.4809044795750981 0.3337653536848845 0.37618934794350645 0.273102794670721 0.27283666830039205 0.5902697480728707 0.3775517999319837 0.6509323070870342
3 0.5064903846153846 0.3453525641025642 0.4725961538461537 0.31522435897435913 0.4218749999999999 0.4166666666666669 0.4557692307692308 0.4467948717948721
3 0.34531250000000013 0.6083333333333333 0.3075 0.5074999999999998 0.20624999999999996 0.575 0.24406250000000007 0.6758333333333335
3 0.4130404411764707 0.6257156862745098 0.35133455882352943 0.5588676470588234 0.3031580882352941 0.6379264705882353 0.3648639705882354 0.7047745098039216
3 0.6490761183558931 0.5748583140750522 0.5917351023440081 0.40865247056234183 0.5276153433476395 0.4479792560801146 0.5849563593595246 0.614185099592825
3 0.6094987623762377 0.6150165016501653 0.559375 0.5333333333333333 0.5432936262376236 0.5508766501650167 0.5934173886138613 0.6325598184818486
5 0.5365340455271566 0.31988485090521834 0.5333092052715656 0.21239017571884986 0.47278105031948875 0.2156183439829606 0.4760058905750798 0.3231130191693291
7 0.3756967554076539 0.755709234608985 0.3602797420965058 0.6570403494176372 0.2296849001663893 0.6933166943982252 0.2451019134775374 0.7919855795895729
7 0.6369411496350366 0.45465328467153304 0.6131044708029197 0.44309610705596125 0.5996008211678833 0.4926094890510952 0.6234375000000001 0.5041666666666669
7 0.6033194742489273 0.6418276108726755 0.5616349248927041 0.5515110872675251 0.5065383583690988 0.5967185264663807 0.5482229077253221 0.6870350500715311
7 0.3101139365918098 0.5232166446499342 0.2923361129458388 0.4547391017173052 0.2035192371202114 0.49573150594451787 0.22129706076618233 0.5642090488771468
0 0.4886948529411764 0.33137254901960783 0.47362132352941166 0.2509803921568627 0.3846507352941177 0.28063725490196073 0.3997242647058824 0.3610294117647059
0 0.5796874999999999 0.43333333333333346 0.509375 0.33958333333333357 0.4390625 0.43333333333333357 0.5093749999999999 0.5270833333333335
0 0.6515624999999999 0.29583333333333345 0.5898437499999998 0.2135416666666668 0.5359375 0.28541666666666676 0.59765625 0.36770833333333347
1 0.7246939432989691 0.4610609965635741 0.6455380154639175 0.4204682130584194 0.6142477448453607 0.5289411512027493 0.6934036726804123 0.569533934707904
1 0.6110804416403787 0.3613104626708728 0.5431092271293376 0.29010252365930606 0.5015230678233439 0.36067297581493185 0.569494282334385 0.4318809148264986
1 0.5014423076923077 0.5716346153846155 0.4430288461538462 0.45480769230769236 0.35396634615384615 0.533974358974359 0.41237980769230764 0.6508012820512821
1 0.3486530172413793 0.4007183908045978 0.27387931034482754 0.31209770114942537 0.20887931034482757 0.4095977011494254 0.2836530172413793 0.49821839080459784
1 0.4697650547445257 0.4896593673965938 0.4478672445255475 0.409367396593674 0.3577896897810218 0.4530413625304137 0.37968749999999996 0.5333333333333335
0 0.5591327247191011 0.5913998127340824 0.5520962078651686 0.49288857677902603 0.47570575842696633 0.5025889513108611 0.48274227528089886 0.6011001872659175
1 0.621875 0.6895833333333335 0.6123846244872199 0.6315865940885665 0.52644712448722 0.6565865940885663 0.5359375 0.7145833333333336
