3 0.7356382313197539 0.5487191999065781 0.6599768999299336 0.2483156915736616 0.5716938122466344 0.28784543232737764 0.6473551436364546 0.5882489406602942
3 0.6187773977151967 0.46187677116542714 0.5709210613708822 0.43079060396741087 0.48397233660998945 0.6687555348919593 0.531828672954304 0.6998417020899755
3 0.6777418171245018 0.7242574028946983 0.5122583905626941 0.6665503618372474 0.4983769245680108 0.7373186198493578 0.6638603511298184 0.7950256609068087
5 0.5582330028328613 0.46186850802644014 0.5185618803116147 0.44282636921624174 0.4958148902266288 0.5270744806421153 0.5354860127478753 0.5461166194523136
1 0.509375 0.4854166666666669 0.434375 0.4854166666666669 0.434375 0.5895833333333333 0.509375 0.5895833333333333
1 0.6064339328180737 0.4371383273880302 0.6045175014863257 0.33237341458581054 0.5457871953032105 0.3342833432421719 0.5477036266349585 0.4390482560443916
1 0.5737500000000001 0.34916666666666685 0.5304375 0.2721666666666668 0.47418749999999993 0.32841666666666686 0.5175 0.4054166666666669
1 0.6429931133056133 0.6242333679833681 0.574321075883576 0.5830301455301456 0.5428924116424116 0.6761521136521138 0.611564449064449 0.7173553361053363
1 0.8155819954128439 0.4227255351681956 0.7942087155963302 0.3277331804281344 0.7165137614678897 0.35881116207951064 0.7378870412844034 0.4538035168195718
2 0.8401415745856349 0.49349677716390455 0.7857562154696127 0.4129258747697977 0.7164364640883975 0.4961095764272562 0.7708218232044196 0.5766804788213631
0 0.6800328038674035 0.5566643646408841 0.6152883287292819 0.4789709944751381 0.5641660911602211 0.5547076427255985 0.6289105662983427 0.6324010128913445
0 0.6508134664948454 0.24384664948453624 0.5762644974226802 0.20561640893470803 0.5469877577319585 0.30710910652920986 0.6215367268041238 0.3453393470790381
0 0.50625 0.35000000000000026 0.4328125 0.35000000000000026 0.4328125 0.45000000000000023 0.50625 0.45000000000000023
1 0.7918642241379311 0.5635057471264371 0.7207704741379313 0.5228807471264372 0.6950700431034484 0.6028376436781612 0.7661637931034483 0.6434626436781612
7 0.4884375 0.6037500000000002 0.4178125 0.5566666666666668 0.38687499999999997 0.6391666666666668 0.4575 0.6862500000000001
7 0.5918724102209945 0.20798227440147354 0.5451113604972375 0.1725955340699817 0.5057726174033148 0.2650103591160223 0.5525336671270719 0.30039709944751414
7 0.7612124328408328 0.3300201477501679 0.7015121306245803 0.28177747929259006 0.6636511501007387 0.36507163644504137 0.7233514523169913 0.41331430490261933
2 0.7290625000000001 0.4504166666666667 0.6918749999999999 0.3512500000000001 0.650625 0.37875000000000014 0.6878125 0.4779166666666667
7 0.715625 0.6104166666666667 0.6296875 0.6104166666666667 0.6296875 0.7104166666666667 0.715625 0.7104166666666667
