2 0.6694838483146068 0.6571488764044946 0.6630793539325843 0.5674859550561798 0.5810849719101123 0.5778979400749064 0.5874894662921349 0.667560861423221
2 0.39612068965517244 0.5933189655172415 0.3729525862068966 0.5160919540229886 0.29859913793103454 0.5557471264367816 0.32176724137931034 0.6329741379310346
2 0.528125 0.5916666666666667 0.453125 0.5916666666666667 0.453125 0.6791666666666667 0.528125 0.6791666666666667
3 0.6293776021953066 0.5936916477416099 0.6161182342922029 0.4664017158718143 0.5619547218016653 0.4764319959626545 0.5752140897047691 0.6037219278324503
3 0.5212765720262034 0.39573347710468343 0.44977349931897787 0.33960022376443155 0.3464709471072772 0.5735340457041556 0.41797401981450266 0.6296672990444073
3 0.5429687499999998 0.4135416666666668 0.525 0.38958333333333345 0.4742187499999999 0.45729166666666693 0.49218749999999983 0.48125000000000023
7 0.4007179396272285 0.6882512830902214 0.3966648095623987 0.6252025931928687 0.30563715559157206 0.6356057536466775 0.3096902856564019 0.6986544435440302
7 0.39231224012474003 0.6499081774081775 0.3910960239085238 0.6101784476784478 0.3128462837837838 0.6144369369369369 0.3140625 0.6541666666666668
7 0.5884606031128404 0.6434095330739301 0.5856821498054475 0.5841358625162127 0.519437013618677 0.5896562905317769 0.5222154669260699 0.6489299610894944
7 0.3794669117647058 0.5278431372549018 0.37148897058823527 0.4799754901960784 0.3063051470588235 0.49928921568627443 0.314283088235294 0.5471568627450979
7 0.6310141509433963 0.5030660377358492 0.6234522405660378 0.4974646226415096 0.6122494103773585 0.5243514150943399 0.6198113207547171 0.5299528301886797
1 0.5159375 0.5779166666666666 0.4812500000000002 0.48541666666666666 0.406875 0.535 0.4415625 0.6275
1 0.6292279411764704 0.4350490196078435 0.5823529411764704 0.3621323529411768 0.5389889705882351 0.4116911764705886 0.5858639705882351 0.4846078431372553
1 0.41718749999999993 0.4375 0.3656249999999999 0.36875 0.31328124999999996 0.4385416666666667 0.36484374999999997 0.5072916666666667
0 0.67109375 0.3697916666666667 0.6195312499999999 0.30104166666666676 0.57265625 0.36354166666666693 0.62421875 0.4322916666666668
0 0.5765625 0.42083333333333356 0.4984375 0.42083333333333356 0.4984375 0.5250000000000002 0.5765625 0.5250000000000002
0 0.5327358893956672 0.39290906499429895 0.5233822690992019 0.3326301786393007 0.45471600627137987 0.3515725959711137 0.464069626567845 0.4118514823261119
0 0.64375 0.42083333333333356 0.6109375 0.42083333333333356 0.6109375 0.47291666666666693 0.64375 0.47291666666666693
1 0.7121664325842698 0.5244616104868915 0.6460147471910113 0.4693352059925095 0.6079178370786518 0.5506086142322101 0.6740695224719103 0.6057350187265922
5 0.5921194852941177 0.3670122549019608 0.5681985294117647 0.2887254901960785 0.5102775735294116 0.32018872549019617 0.5341985294117646 0.39847549019607853
