1 0.5171875 0.11666666666666667 0.44375 0.01875000000000006 0.3679687499999999 0.11979166666666684 0.4414062499999999 0.21770833333333345
1 0.8375 2.547520476976317e-16 0.7609375 2.4850124632698377e-16 0.7609375 0.014583333333333599 0.8375 0.014583333333333606
1 0.8482325819672129 0.23032786885245932 0.7469518442622949 0.11779371584699477 0.6433401639344261 0.2835724043715848 0.744620901639344 0.39610655737704936
1 0.45716346153846166 0.1947435897435899 0.3132932692307692 0.0851282051282052 0.23762019230769232 0.26169871794871796 0.38149038461538476 0.3713141025641027
1 0.28437499999999993 0.15000000000000005 0.23270644796380086 0.12539592760181 0.20926894796380086 0.21289592760181 0.26093749999999993 0.23750000000000007
1 0.5479810393258427 0.27097378277153583 0.4519136235955056 0.19091760299625488 0.3785287921348315 0.3474719101123597 0.47459620786516854 0.4275280898876407
1 0.6879807692307691 0.30320512820512835 0.6122596153846154 0.235897435897436 0.5701923076923076 0.3200320512820515 0.6459134615384614 0.38733974358974377
3 0.9053136175653809 0.3367639468829709 0.5120309659261184 0.2944375628500458 0.5007664687930794 0.480510367343949 0.8940491204323419 0.522836751376874
3 0.5838942307692309 0.657371794871795 0.42572115384615394 0.3410256410256411 0.3384615384615385 0.4185897435897437 0.49663461538461534 0.7349358974358977
3 0.7828125 1.9045809074239568e-16 0.515625 1.6864406963258342e-16 0.515625 0.10208333333333355 0.7828125 0.10208333333333357
0 0.3375 6.875881507712745e-17 0.165625 5.472640383689735e-17 0.165625 0.15208333333333343 0.3375 0.15208333333333346
0 0.7231573275862072 0.06698275862068988 0.5524676724137934 0.04801724137931053 0.538814655172414 0.2664655172413795 0.7095043103448279 0.28543103448275886
0 0.5871875000000001 0.04250000000000031 0.47468750000000004 -0.032499999999999814 0.4259375 0.09750000000000011 0.5384375 0.17250000000000024
0 0.4085477941176471 0.3377450980392157 0.27656249999999993 0.29375 0.26001838235294106 0.38198529411764715 0.3920036764705882 0.4259803921568629
7 0.9984375 0.18333333333333363 0.86875 0.1833333333333336 0.86875 0.38958333333333356 0.9984375 0.38958333333333356
7 0.5859375 0.4791666666666666 0.511074965051258 0.3554807393600496 0.45207624650512573 0.41896474060267164 0.5269387814538676 0.5426506679092886
5 0.6170859756097562 0.28379837398373997 0.5318698170731707 0.15325447154471555 0.46866676829268294 0.22660121951219528 0.5538829268292684 0.3571451219512197
7 0.17187500000000003 0.11250000000000003 0.1703125 0 0.09817288738429895 0.0017812250028568265 0.09973538738429896 0.11428122500285685
