3 0.9351693706587667 0.473191236129738 0.7499904605460698 0.04166320535660647 0.6254323405628842 0.13668692575615016 0.8106112506755812 0.5682149565292818
3 0.7199587264150944 0.3912342767295599 0.6334905660377358 0.3582940251572328 0.5509433962264151 0.7435141509433963 0.6374115566037737 0.7764544025157235
3 0.8603913918251077 0.7791572288191823 0.5858658581577322 0.7395035406227836 0.5765579955727915 0.8540618493605143 0.8510835292401671 0.893715537556913
7 0.5432948316366485 0.6480879665883584 0.4279757243539547 0.598342469329157 0.3949466523101018 0.7344622813886713 0.5102657595927955 0.7842077786478728
7 0.9281574292452832 0.6010888364779877 0.7806102594339625 0.5925353773584907 0.7754569575471699 0.7505699685534596 0.9230041273584908 0.7591234276729566
7 0.9240625000000001 0.139166666666667 0.81015625 0.08854166666666684 0.7757812499999999 0.2260416666666669 0.8896875000000002 0.27666666666666706
0 0.8441735021398002 0.5050196148359487 0.7276747503566335 0.39979493580599174 0.6556136323109845 0.5416295173561582 0.7721123840941513 0.6468541963861152
0 0.5359375 0.27708333333333357 0.4265625 0.27708333333333357 0.4265625 0.43125000000000024 0.5359375 0.43125000000000024
0 0.7449637521968364 0.06626025190392516 0.6461610281195077 -0.01936877562975964 0.5688378734622143 0.13924282366725274 0.667640597539543 0.22487185120093753
1 0.7100474016853934 0.3501427902621722 0.6804669943820226 0.18674625468164796 0.5806267556179776 0.21887874531835205 0.6102071629213484 0.38227528089887636
1 0.5829304245283018 0.49944968553459124 0.46571344339622656 0.4547955974842769 0.4336969339622643 0.6042059748427675 0.5509139150943396 0.6488600628930818
1 0.7956249999999999 0.6341666666666668 0.6789062499999998 0.5822916666666667 0.6393749999999998 0.7404166666666666 0.7560937499999999 0.7922916666666668
1 0.6272185773480662 0.247870626151013 0.5443456491712706 0.1484231123388583 0.47418853591160215 0.25235957642725604 0.5570614640883977 0.35180709023941076
1 0.9984375 0.12916666666666698 0.8875 0.12916666666666696 0.8875 0.31875000000000026 0.9984375 0.31875000000000026
5 0.6265789636154101 0.4146649654264079 0.5610126152453079 0.3968568214246517 0.5398522390516958 0.5353611019646584 0.6054185874217979 0.5531692459664145
2 0.9984375 0.2791666666666669 0.91875 0.2791666666666669 0.91875 0.46250000000000024 0.9984375 0.46250000000000024
1 0.9984375 0.45000000000000023 0.88125 0.45000000000000023 0.88125 0.6020833333333339 0.9984375 0.6020833333333339
7 0.6212572994711326 0.023359225796973915 0.5361323821066548 0.01150102835316602 0.523122107756721 0.17753691053327472 0.6082470251211988 0.18939510797708262
2 0.9210237258347979 0.3023872290568251 0.797671353251318 0.19548183948447584 0.7578317223198593 0.2772041593438784 0.8811840949033393 0.38410954891622756
