2 0.2340625000000002 0.5675000000000001 0.10343750000000011 0.4804166666666666 0.045937500000000034 0.6337499999999999 0.17656250000000012 0.7208333333333334
2 0.6265625000000002 0.9104166666666667 0.4671875000000001 0.9104166666666667 0.4671875000000002 0.9979166666666667 0.6265625000000004 0.9979166666666667
3 0.8059298463809317 0.4982073219622423 0.7391438197026022 0.4276409541511772 0.5171266810627595 0.8011936001166265 0.5839127077410888 0.8717599679276916
3 0.6074250917650815 0.640654989892542 0.5135246768273222 0.623490397914672 0.48298924752633265 0.9204624162144909 0.576889662464092 0.937627008192361
3 0.49512716763005793 0.4012687861271678 0.20290606936416192 0.19301926782273615 0.14905924855491332 0.3273468208092487 0.4412803468208094 0.5355963391136804
5 0.45625 0.24791666666666679 0.346875 0.24791666666666679 0.346875 0.37291666666666684 0.45625 0.3729166666666669
7 0.12968750000000018 0.7604166666666666 1.4016465318366193e-16 0.7604166666666666 1.5021058395791755e-16 0.9791666666666666 0.12968750000000018 0.9791666666666666
7 0.6498394495412845 0.5908524464831806 0.6085579128440368 0.539048165137615 0.5579157110091744 0.61079128440367 0.599197247706422 0.6625955657492356
7 0.2657327586206896 0.47880747126436785 0.1477370689655173 0.4158764367816092 0.11163793103448279 0.5362068965517242 0.22963362068965512 0.5991379310344828
7 0.0008212076822916668 0.001744357638888889 0.0005998535156250002 0.001670572916666667 0.0005320638020833335 0.0020321180555555557 0.0007534179687500001 0.002105902777777778
1 0.353125 0.6333333333333336 0.27734375 0.5322916666666668 0.1796875 0.6625000000000001 0.25546875 0.7635416666666669
1 0.46840431415929223 0.5006637168141593 0.34509817477876115 0.4897031710914455 0.33725110619469034 0.6466445427728613 0.46055724557522143 0.6576050884955753
1 0.3500000000000001 0.5729166666666666 0.35000000000000003 0.41458333333333325 0.21406250000000004 0.41458333333333336 0.2140625000000001 0.5729166666666666
0 0.734744211880262 0.49367165575304023 0.6830425631431244 0.4115357031493607 0.58950187090739 0.5162121920798254 0.6412035196445276 0.598348144683505
0 0.5015625 0.6833333333333333 0.4109375 0.6833333333333333 0.4109375 0.8395833333333333 0.5015625 0.8395833333333333
0 0.4701185344827585 0.7773132183908048 0.3633081896551723 0.6170977011494253 0.25226293103448266 0.7487068965517242 0.35907327586206883 0.9089224137931037
1 0.6028125 0.5195833333333334 0.5165624999999999 0.46208333333333346 0.47156249999999994 0.5820833333333337 0.5578125 0.6395833333333336
0 0.5308650729335493 0.4754321988114532 0.48252633711507276 0.3988958670988654 0.40635889384116675 0.4844172069151809 0.45469762965964333 0.5609535386277688
1 0.5609375000000001 0.6520833333333335 0.4984375000000001 0.5687500000000001 0.4328125 0.6562500000000002 0.4953125 0.7395833333333336
1 0.29966446099442784 0.8120990498642666 0.23039876232318898 0.6315884412058866 0.08513783219031293 0.7306811687383913 0.15440353086155179 0.9111917773967713
1 0.7196090214932132 0.8092807315233791 0.5866515837104075 0.8008389894419311 0.5798006221719458 0.9926659125188542 0.7127580599547516 1.0011076546003022
1 0.45156250000000026 0.95 0.3343750000000002 0.95 0.3343750000000002 0.9979166666666667 0.45156250000000037 0.9979166666666667
