2 0.7699940840757238 0.6284451559020047 0.7236689170378618 0.5001600779510024 0.610260648663697 0.5729653860430588 0.656585815701559 0.7012504639940611
3 0.5348437500000001 0.5039583333333336 0.41343750000000024 0.48083333333333356 0.4013125000000001 0.5940000000000002 0.52271875 0.6171250000000003
3 0.7420163248785754 0.39270327397013877 0.667340967350243 0.36738959345205996 0.6360171849703184 0.5316654299334415 0.7106925424986509 0.5569791104515203
3 0.6405560470441298 0.2774215931168472 0.5965874791840132 0.17503469331112978 0.3660176721604545 0.3510611051248144 0.4099862400205711 0.4534480049305319
5 0.4695312500000002 0.48020833333333357 0.41171875 0.403125 0.3398437499999999 0.49895833333333345 0.3976562500000001 0.576041666666667
7 0.37600000000000006 0.49266666666666675 0.24963750000000004 0.46203333333333335 0.2382625 0.5454500000000001 0.36462500000000003 0.5760833333333335
7 0.41406250000000017 0.3354166666666668 0.35218750000000004 0.29416666666666674 0.32906250000000004 0.3558333333333335 0.3909375000000002 0.3970833333333335
7 0.6455288461538463 0.5268589743589746 0.5414903846153847 0.509519230769231 0.5334375 0.5954166666666669 0.6374759615384618 0.6127564102564105
1 0.4796024133663366 0.25842615511551165 0.42230816831683154 0.16505775577557752 0.34581528465346534 0.24850453795379532 0.40310952970297037 0.3418729372937294
0 0.8402478448275863 0.30603448275862083 0.801885775862069 0.1781609195402299 0.7110991379310345 0.22658045977011496 0.7494612068965517 0.35445402298850587
0 0.6484375 0.4270833333333336 0.5453125 0.4270833333333336 0.5453125 0.54375 0.6484375 0.54375
0 0.7974759615384613 0.34182692307692325 0.7421875000000001 0.3270833333333335 0.7302884615384616 0.4064102564102567 0.7855769230769228 0.4211538461538463
0 0.6948317307692309 0.3177884615384618 0.591360576923077 0.2690961538461541 0.5552163461538462 0.40564102564102583 0.6586875000000001 0.45433333333333353
0 0.6635273972602741 0.20884703196347065 0.5756849315068493 0.16492579908675822 0.551091609589041 0.25236872146118733 0.6389340753424658 0.2962899543378998
1 0.8334038461538462 0.4595256410256416 0.7432836538461539 0.40205769230769284 0.6926995192307693 0.5430801282051285 0.7828197115384616 0.6005480769230774
1 0.7671875000000001 0.3291666666666668 0.6968750000000001 0.23541666666666666 0.6390625000000002 0.31249999999999994 0.7093750000000002 0.40625000000000006
1 0.5543162128712872 0.3778671617161718 0.44788056930693065 0.3636757425742576 0.4375464108910891 0.5014645214521456 0.5439820544554457 0.5156559405940597
1 0.5910110294117646 0.3775245098039214 0.5252573529411764 0.30237745098039215 0.4846691176470587 0.36551470588235296 0.5504227941176469 0.4406617647058823
2 0.3976249999999999 0.46116666666666667 0.3859999999999999 0.35266666666666674 0.28996874999999994 0.3709583333333334 0.30159374999999994 0.4794583333333334
