2 0.25209572636192873 0.7475592256313923 0.21690082968065122 0.7185751930703403 0.18086255479023167 0.7963721039448968 0.21605745147150918 0.8253561365059489
2 0.38203125000000016 0.7885416666666667 0.3296875 0.71875 0.29140625 0.7697916666666669 0.34375000000000006 0.8395833333333336
2 0.3515625000000001 0.7895833333333336 0.28750000000000014 0.704166666666667 0.20625000000000018 0.8125000000000002 0.2703125000000002 0.8979166666666669
2 0.35622323038773673 0.5459685903216112 0.2962381650135256 0.4755861136158703 0.24134355275022537 0.5587597685602645 0.3013286181244365 0.6291422452660055
2 0.0008490983624247124 0.0018699700186300553 0.0007090884349385245 0.00170195810564663 0.0005259736790711893 0.0019732392254500895 0.0006659836065573771 0.0021412511384335154
3 0.7484375000000001 0.5979166666666668 0.453125 0.5979166666666667 0.453125 0.8145833333333335 0.7484375000000001 0.8145833333333337
3 0.5081611308316429 0.6624366125760651 0.5047191937119675 0.628782116294794 0.41818902129817437 0.6445148749154836 0.4216309584178498 0.6781693711967548
3 0.5249651613579209 0.4819733165688741 0.39783921835708275 0.2892071807767535 0.3507263725901088 0.3444429309863092 0.477852315590947 0.5372090667784298
5 0.5544306506849316 0.39908675799086774 0.4964768835616439 0.3273344748858448 0.44817208904109584 0.3966952054794521 0.5061258561643835 0.46844748858447505
7 0.25383908371040736 0.7012443438914029 0.1721790158371041 0.6022624434389141 0.1067095588235294 0.6982843137254904 0.18836962669683266 0.797266214177979
7 0.3772389812138731 0.4613836705202313 0.3193975794797689 0.4482165221579963 0.3067404263005782 0.5470628612716765 0.36458182803468236 0.5602300096339117
7 0.4724169520547946 0.8446563926940641 0.4531429794520549 0.7568527397260277 0.3603664383561644 0.7930582191780824 0.379640410958904 0.8808618721461188
1 0.41265202702702714 0.6308671171171173 0.3927533783783784 0.5446396396396397 0.3038175675675676 0.5811261261261261 0.32371621621621627 0.6673536036036036
1 0.33742975917431195 0.7364927370030582 0.3345584862385323 0.6101567278287463 0.23124426605504592 0.6143310397553516 0.2341155389908256 0.7406670489296636
1 0.5334375 0.6233333333333334 0.50546875 0.5114583333333333 0.41828125 0.5502083333333333 0.4462499999999999 0.6620833333333334
1 0.46599351415094353 0.4907822327044027 0.38931308962264155 0.4339819182389938 0.3461969339622642 0.5374606918238996 0.4228773584905661 0.5942610062893083
0 0.6070047169811323 0.52060534591195 0.5516804245283022 0.4401336477987423 0.4874351415094341 0.5186556603773587 0.5427594339622642 0.5991273584905664
0 0.46130870165745863 0.7155962246777166 0.3873446132596685 0.6060197974217314 0.3128453038674033 0.6954189686924497 0.3868093922651934 0.8049953959484349
0 0.7420258620689653 0.5921695402298851 0.7215517241379309 0.5239224137931036 0.6296875 0.5729166666666667 0.6501616379310345 0.6411637931034483
0 0.5193933823529412 0.6861519607843138 0.4399816176470589 0.6596813725490198 0.418841911764706 0.7724264705882357 0.4982536764705883 0.7988970588235297
1 0.6605172413793102 0.6150574712643679 0.6084806034482757 0.5330603448275864 0.5406788793103448 0.6095545977011497 0.5927155172413793 0.6915517241379312
1 0.5841275684931506 0.6914075342465755 0.5670522260273971 0.6136198630136988 0.4923886986301369 0.6427568493150686 0.5094640410958904 0.7205445205479454
1 0.6127408439490445 0.8494081740976647 0.5383021496815286 0.7803635881104036 0.47084992038216544 0.9096470276008494 0.5452886146496814 0.9786916135881104
1 0.3998907463928969 0.845997502774695 0.3155643035516095 0.8158319459859417 0.2889913984461711 0.947891231964484 0.3733178412874585 0.9780567887532373
