3 0.7360113793368132 0.6255014839832157 0.47742084356770054 0.17904602906560227 0.35002734494933996 0.3102234929894586 0.6086178807184526 0.7566789479070721
3 0.5226981466876972 0.5769650368033651 0.4146909503154575 0.5596838853838066 0.3759784108832809 0.9898232124079918 0.48398560725552053 1.00710436382755
3 0.7546875000000002 0.8895833333333336 0.42500000000000016 0.8895833333333335 0.42500000000000016 0.9979166666666668 0.7546875000000002 0.9979166666666669
5 0.41149604072398205 0.7698058069381601 0.4057798359728507 0.6097520739064856 0.304372878959276 0.6161906108597285 0.3100890837104072 0.776244343891403
0 0.4625 0.17291666666666677 0.3078125 0.17291666666666677 0.3078125 0.3812500000000002 0.4625 0.38125000000000026
0 0.298016826923077 0.5173878205128206 0.15949519230769238 0.4804487179487181 0.13185096153846163 0.6647435897435899 0.27037259615384623 0.7016826923076924
0 0.6518728595890411 0.6903396118721462 0.51484375 0.6072916666666669 0.4610659246575343 0.7650399543379 0.5980950342465754 0.8480878995433794
0 0.32257586469436583 0.6938120875933581 0.26332118773112906 0.5897550939018202 0.14165012508157496 0.7129282684359367 0.2009048020448118 0.8169852621274746
7 0.3379807692307693 0.15096153846153856 0.22439903846153847 0.12067307692307698 0.19531249999999997 0.3145833333333334 0.30889423076923084 0.3448717948717949
2 0.6830147058823528 0.4819117647058827 0.5897058823529411 0.33676470588235313 0.5315441176470587 0.4032352941176472 0.6248529411764705 0.5483823529411768
2 0.88984375 0.5010416666666669 0.7953125 0.3750000000000002 0.68203125 0.5260416666666669 0.7765625 0.6520833333333336
7 0.6844910477453584 0.24926503094606572 0.5521966180371354 0.21212975243147683 0.5276939655172416 0.36731321839080494 0.6599883952254645 0.4044484969053938
7 0.7531250000000002 0.7479166666666669 0.6109375000000001 0.7479166666666668 0.6109375 0.9270833333333335 0.753125 0.9270833333333336
1 0.8205449695121952 0.3773729674796748 0.750076219512195 0.2321646341463414 0.6344969512195121 0.33188008130081303 0.7049657012195122 0.4770884146341465
1 0.36503160112359556 0.4035674157303372 0.24659058988764038 0.30705992509363306 0.1784199438202247 0.45579588014981276 0.2968609550561799 0.5523033707865169
1 0.4765625 0.3791666666666667 0.3453125 0.37916666666666665 0.3453125 0.5666666666666667 0.4765625 0.5666666666666667
1 0.3927011245674741 0.8635236447520189 0.3223724048442907 0.6877018454440602 0.19350670415224916 0.7793396770472897 0.2638354238754325 0.9551614763552484
1 0.6258965163934429 0.823565573770492 0.5042315573770493 0.7853961748633881 0.47462090163934434 0.9531898907103826 0.596285860655738 0.9913592896174865
1 0.8191997712146424 0.6166285357737107 0.7049708818635608 0.5763969772601224 0.6791649334442597 0.7066555740432615 0.7933938227953413 0.7468871325568499
1 0.24655963302752304 0.9367928134556577 0.21215596330275238 0.7838876146788991 0.1347477064220184 0.8148509174311926 0.16915137614678902 0.9677561162079513
7 0.3500000000000002 0.8979166666666667 0.20156250000000017 0.8979166666666667 0.20156250000000017 0.9979166666666667 0.3500000000000002 0.9979166666666667
