2 0.3640625000000002 0.8 0.17187500000000017 0.8 0.17187500000000017 0.9979166666666667 0.3640625000000002 0.9979166666666667
2 0.1515576836629849 0.7188243856494562 0.11249999999999996 0.5874999999999999 0.06463845363472893 0.612806104974741 0.10369613729771385 0.7441304906241972
2 0.35937500000000017 0.5958333333333333 0.2437500000000002 0.5958333333333333 0.2437500000000002 0.7333333333333333 0.35937500000000017 0.7333333333333333
2 0.2834629524886878 0.636962669683258 0.1716275452488687 0.5014046003016592 0.08530118778280538 0.6280165912518856 0.19713659502262448 0.7635746606334843
2 0.34768401015228434 0.39739847715736065 0.27813689720812185 0.29040291878172597 0.1931908312182741 0.3885628172588833 0.26273794416243657 0.495558375634518
3 0.7107119845360825 0.816301546391753 0.6960534793814434 0.7654853951890038 0.5897793170103093 0.8199849656357391 0.6044378221649485 0.8708011168384883
3 0.0011758563230626468 0.0015806157326088484 0.0010110204297293873 0.0012696366761141419 0.0004011923478944783 0.0018442894891121853 0.0005660282412277378 0.002155268545606892
3 0.627625553664339 0.4961466735008353 0.6147699331250845 0.34119359393435345 0.24415294796038758 0.3958568660825385 0.2570085684996421 0.5508099456490203
5 0.6207352941176472 0.26725490196078455 0.5406617647058825 0.2435294117647058 0.5179044117647057 0.38007352941176487 0.5979779411764704 0.40379901960784365
7 0.6302087300076161 0.8614797537446052 0.6001463728103579 0.7860291317593299 0.530344392612338 0.8354722010662606 0.5604067498095964 0.9109228230515359
7 0.4185660149384887 0.7684863796133569 0.29268728031634444 0.6593914762741652 0.23510544815465728 0.7775080550673699 0.36098418277680155 0.8866029584065614
7 0.1919471153846154 0.4983974358974359 0.10730769230769235 0.35330128205128203 -0.0032451923076923126 0.46794871794871795 0.08139423076923073 0.6130448717948718
7 0.4172438524590164 0.37334016393442615 0.4006224385245901 0.3167042349726775 0.32067622950819674 0.35841530054644805 0.3372976434426229 0.4150512295081967
1 0.7355203619909505 0.536679864253394 0.5909820418552038 0.5275028280542988 0.5834594174208144 0.7381363122171949 0.7279977375565612 0.74731334841629
1 0.5049231929187917 0.47531017065515907 0.4434634292859945 0.41349099319994786 0.37101743330717935 0.5415350791159934 0.4324771969399766 0.6033542565712046
1 0.4060436320754718 0.46450471698113205 0.266459142619312 0.4583009618941916 0.26185141509433973 0.6426100628930819 0.4014359045504996 0.6488138179800222
1 0.5281681034482758 0.35902298850574726 0.5195150862068965 0.22057471264367814 0.4001616379310343 0.2338362068965517 0.40881465517241367 0.37228448275862086
0 0.9156959989976613 0.6580437687938523 0.8555178228366189 0.49986113431339796 0.7035068806381558 0.6026704672012475 0.7636850567991982 0.7608531016817017
0 0.2894477739726028 0.4632134703196348 0.1781464041095891 0.4075627853881278 0.14315068493150687 0.5319920091324201 0.2544520547945206 0.587642694063927
0 0.727829445145019 0.5254886506935688 0.7147422761664566 0.362626103404792 0.5786924653215637 0.3820617906683481 0.5917796343001261 0.5449243379571249
0 0.5908704964850616 0.49606693028705345 0.4487939367311071 0.4746214118336263 0.4311313708260104 0.682647188049209 0.5732079305799649 0.7040927065026362
0 0.50625 0.70625 0.44227691135084435 0.5892139618511572 0.3392448405253284 0.689335522201376 0.403217929174484 0.8063715603502188
1 0.568076923076923 0.8984294871794876 0.5075000000000001 0.7570833333333337 0.3631250000000001 0.8670833333333334 0.42370192307692295 1.0084294871794872
1 0.2600001389712424 0.7852119157031329 0.17309424103172263 0.6807348799288467 0.06702907278387196 0.8375827650953653 0.15393497072339168 0.9420598008696514
