2 0.69978125 0.495875 0.6489874999999999 0.39804999999999996 0.51029375 0.5260750000000001 0.5610875000000001 0.6239000000000001
2 0.2731081081081081 0.7498648648648648 0.18375422297297297 0.5248254504504504 0.013969594594594592 0.6446734234234234 0.10332347972972974 0.8697128378378378
0 0.5350711633663368 0.27386551155115524 0.4381574876237625 0.16814150165016511 0.3612314356435644 0.29350247524752493 0.4581451113861387 0.39922648514851505
0 0.3642201834862387 0.659021406727829 0.23090596330275243 0.6056957186544345 0.18200974770642206 0.8230122324159026 0.31532396788990835 0.8763379204892972
0 0.11718750000000018 0.75625 1.3987762659011176e-16 0.75625 1.509759882073846e-16 0.9979166666666667 0.11718750000000018 0.9979166666666667
0 0.32346615720524013 0.5292449053857352 0.2894070687772925 0.4362581877729258 0.24299194868995624 0.4664819868995634 0.2770510371179039 0.5594687045123727
0 0.04531250000000012 0.5 9.18485099360515e-17 0.5 1.0017228114900615e-16 0.68125 0.04531250000000013 0.68125
0 0.18125000000000002 0.4270833333333333 0.16915488138686133 0.39252585158150854 0.14777030109489048 0.4058318126520682 0.1598654197080292 0.44038929440389296
7 0.31537840746054535 0.42011597321855565 0.25745381994261135 0.25160808225729314 0.14307074964132 0.32150884744141556 0.20099533715925397 0.4900167384026781
7 0.39795294943820225 0.3523829588014981 0.38255442415730345 0.2673244382022472 0.3433005617977528 0.2799578651685393 0.3586990870786516 0.3650163857677902
7 0.5831120466321245 0.4011010362694302 0.4991742227979275 0.33581606217616583 0.45837111398963726 0.42908031088082915 0.5423089378238342 0.49436528497409354
7 0.4155048076923077 0.5887820512820513 0.306610576923077 0.4919871794871795 0.24915865384615382 0.6068910256410257 0.3580528846153846 0.7036858974358975
5 0.28933303274139854 0.5168747687754348 0.19261757769145404 0.442478264890862 0.1435054800221976 0.5559817795042545 0.2402209350721421 0.6303782833888275
5 0.46901442307692315 0.7146794871794875 0.4261298076923078 0.6146153846153849 0.3244951923076923 0.6920512820512823 0.3673798076923077 0.7921153846153849
5 0.42003676470588236 0.43897058823529417 0.34141544117647055 0.34911764705882337 0.26663602941176456 0.465441176470588 0.3452573529411764 0.5552941176470588
5 0.6376488970588235 0.4415857843137256 0.6141121323529412 0.3645563725490196 0.5226397058823528 0.4142450980392158 0.5461764705882353 0.4912745098039217
3 0.232393292682927 0.4279471544715448 0.001733993902439096 0.3937754065040651 -0.008689024390243832 0.5188516260162603 0.22197027439024403 0.55302337398374
3 0.558899044999382 0.5134864218898091 0.398962325380146 0.32251720443400494 0.362581901347509 0.37668361354926444 0.5225186209667451 0.5676528310050686
1 0.3673125 0.3342499999999999 0.3015 0.21725000000000008 0.24050000000000002 0.2782500000000001 0.30631249999999993 0.39524999999999993
1 0.39062500000000006 0.3541666666666668 0.31875 0.35416666666666674 0.31875 0.3937500000000001 0.39062500000000006 0.39375000000000016
1 0.5535697115384615 0.5408814102564103 0.43920432692307687 0.40444551282051294 0.3385937499999999 0.5543750000000002 0.4529591346153846 0.6908108974358975
1 0.5669196881338742 0.6210213826910077 0.5369913159229209 0.5685154665314405 0.4307777636916835 0.6761451994590943 0.46070613590263687 0.7286511156186616
1 0.14786369333879054 0.5577714110303901 0.09117290622122173 0.49690857464442867 -0.010321325335106879 0.6649742914151235 0.04636946178246193 0.7258371278010848
1 0.05254736598890948 0.7516173752310539 0.04022065619223662 0.7052988293284043 -0.011977241219962997 0.72999460874923 0.00034946857670985486 0.7763131546518794
2 0.32403232519422864 0.8440135960044397 0.3087368201997781 0.8086639844617095 0.24123890122086572 0.8605854605993345 0.2565344062153163 0.8959350721420647
