2 0.6803962628865978 0.4625429553264607 0.6088144329896907 0.3839432989690723 0.5352061855670102 0.503118556701031 0.6067880154639174 0.5817182130584194
2 0.4898437500000001 0.7906250000000005 0.44140625000000017 0.726041666666667 0.3929687500000002 0.7906250000000002 0.4414062500000001 0.8552083333333337
2 0.40973724048442894 0.696229815455594 0.2897112889273356 0.610878027681661 0.23387218858131487 0.7504757785467129 0.3538981401384082 0.8358275663206459
0 0.502858146067416 0.26251404494382047 0.41525983146067436 0.1911376404494384 0.3645856741573035 0.30169943820224737 0.4521839887640451 0.37307584269662947
0 0.20837264150943394 0.7078223270440254 0.17735849056603775 0.5630896226415095 0.05560141509433962 0.6094732704402516 0.08661556603773583 0.7542059748427674
0 0.33400408011869465 0.7940281899109791 0.23211702522255204 0.755990356083086 0.20211192507418402 0.8988717853610291 0.3039989799703266 0.9369096191889222
0 0.38225073673870325 0.5379543222003931 0.3634792485265225 0.42782825802226593 0.30100994597249503 0.44675834970530454 0.31978143418467575 0.5568844138834316
0 0.46286243556701034 0.7429231099656359 0.41888692010309275 0.5904746563573883 0.3346005154639175 0.6336984536082474 0.37857603092783515 0.786146907216495
3 0.3143105742655338 0.5311587248780155 0.291060769398096 0.43527580868052 0.023216856254478446 0.5507373451735079 0.04646666112191626 0.6466202613710035
3 0.5772003090006341 0.47051376857525207 0.39359516955419405 0.3143438798506939 0.36226428797802673 0.3798282449468275 0.5458694274244668 0.5359981336713857
7 0.39375 0.23541666666666677 0.3390625 0.23541666666666677 0.3390625 0.34375000000000017 0.39375 0.3437500000000002
7 0.3519350961538462 0.4304006410256409 0.2834495192307694 0.31299679487179477 0.20935096153846158 0.38983974358974355 0.27783653846153844 0.5072435897435897
7 0.5607122040889527 0.3479241391678624 0.48633092718794824 0.3110876972740317 0.4613118723098995 0.40089968914395047 0.535693149210904 0.43773613103778125
7 0.453829405737705 0.5271687158469948 0.35478995901639354 0.5151639344262298 0.34736168032786896 0.6241120218579237 0.44640112704918045 0.6361168032786888
7 0.449657012195122 0.84380081300813 0.36695884146341473 0.7555894308943089 0.27686737804878053 0.9057418699186994 0.35956554878048774 0.9939532520325205
1 0.5616026448362719 0.49204450041981523 0.45996142947103263 0.4215732577665826 0.40856619962216606 0.5533558984047019 0.5102074149874054 0.6238271410579345
1 0.3685937500000001 0.2964583333333335 0.2739062500000001 0.2543750000000001 0.25109375 0.34562500000000007 0.34578125000000004 0.3877083333333335
1 0.41290306528662424 0.40891056263269643 0.3961335589171975 0.33288880042462854 0.33683320063694266 0.3561438428874735 0.3536027070063694 0.43216560509554136
1 0.6080528846153845 0.5766025641025639 0.5518028846153846 0.5266025641025641 0.49603365384615383 0.6381410256410259 0.5522836538461539 0.6881410256410257
1 0.27631234060640397 0.5945050533673373 0.22139593369226404 0.5411141022008124 0.15703855553981297 0.6587961651081514 0.2119549624539529 0.7121871162746765
1 0.3205634715025907 0.6312715889464596 0.2535297927461141 0.5791342832469777 0.1925518134715026 0.7185125215889466 0.2595854922279793 0.7706498272884285
1 0.25697170900692856 0.7576645496535798 0.20703666281755204 0.7106668591224018 0.16009670900692846 0.7993312163202463 0.210031755196305 0.8463289068514243
5 0.36531250000000004 0.5845833333333333 0.33062500000000006 0.49208333333333326 0.24937500000000004 0.54625 0.28406250000000005 0.63875
5 0.4562614190012181 0.4392585261875764 0.38365560292326434 0.38504618351603737 0.33929278319123013 0.49067194478278536 0.4118985992691838 0.5448842874543244
5 0.6167086072308956 0.4168618186798138 0.5870660435497124 0.34028519583675704 0.5207580115036976 0.38591652971788537 0.5504005751848808 0.46249315256094214
5 0.5170301911907068 0.6015428363988383 0.43479398596321406 0.5912633107454017 0.4275744191674735 0.6939415940626009 0.5098106243949663 0.7042211197160376
5 0.5380408653846155 0.702644230769231 0.4976923076923077 0.6608012820512823 0.4500721153846154 0.7424358974358974 0.49042067307692305 0.7842788461538462
0 0.25649773316062185 0.47133851468048366 0.22803594559585488 0.41329879101899825 0.19886172279792744 0.4387327288428325 0.22732351036269444 0.4967724525043179
