2 0.7089154411764708 0.4712009803921572 0.5527220022624436 0.461283936651584 0.545892251131222 0.6525169683257921 0.702085690045249 0.6624340120663652
2 1 0.5562500000000005 0.9359375 0.5562500000000005 0.9359375 0.6520833333333338 1 0.6520833333333338
0 0.5028582317073171 0.49903455284552856 0.41703506097560983 0.35599593495934967 0.35510670731707317 0.42205284552845534 0.4409298780487805 0.5650914634146342
0 0.5936209605026928 0.674468880909635 0.5232046678635547 0.5470489228007184 0.4656951301615798 0.6035495212447638 0.536111422800718 0.7309694793536805
0 0.9015625 0.4270833333333337 0.8084272540983607 0.3235997267759565 0.7431096311475409 0.4281079234972679 0.8362448770491803 0.5315915300546451
0 0.7671250000000002 0.6494166666666671 0.707875 0.5901666666666671 0.6664375 0.6638333333333339 0.7256875000000002 0.7230833333333339
3 0.5956250000000001 0.4362500000000002 0.4231249999999999 0.35958333333333337 0.3993749999999999 0.4545833333333334 0.5718750000000001 0.5312500000000002
7 0.7609374999999999 0.44791666666666674 0.7586227448453607 0.41602448453608254 0.7087870489690721 0.42245489690721644 0.7111018041237112 0.45434707903780064
7 0.6974759615384616 0.36474358974359 0.5890024038461539 0.3358173076923079 0.5701923076923078 0.4612179487179489 0.6786658653846154 0.490144230769231
7 0.771997893258427 0.644428838951311 0.7259129213483148 0.5461142322097381 0.697120786516854 0.5701076779026221 0.7432057584269662 0.6684222846441947
7 0.7103572485207101 0.7134901380670613 0.6921146449704143 0.617716469428008 0.5335428994082841 0.6714127218934912 0.55178550295858 0.7671863905325444
1 0.7191627358490564 0.4602594339622642 0.6951061320754716 0.34799528301886795 0.650943396226415 0.3648191823899372 0.6749999999999998 0.47708333333333347
1 0.5598947120559743 0.49631772515249367 0.48193117599569424 0.4890653031933979 0.47617397739504846 0.5990917653390746 0.5541375134553285 0.6063441872981703
1 0.5088544544198894 0.5051461786372008 0.47309996546961336 0.4843657918968694 0.4402123618784531 0.5849631675874771 0.4759668508287291 0.6057435543278087
1 0.9379832474226804 0.6329252577319588 0.8913096005154639 0.47112328178694163 0.7495409149484534 0.543825171821306 0.7962145618556701 0.7056271477663232
5 0.8151930147058823 0.4916789215686277 0.7276378676470586 0.41738970588235313 0.6744944852941175 0.5287377450980394 0.7620496323529411 0.6030269607843141
5 1.0031234980775392 0.5480748691658659 0.9603051906440243 0.4895199188294351 0.8890139378404356 0.5821985474741002 0.9318322452739507 0.6407534978105309
5 0.8135937499999999 0.6914583333333333 0.8092499999999999 0.6509166666666667 0.7366249999999999 0.66475 0.7409687499999998 0.7052916666666665
