2 0.50625 0.6791666666666667 0.37031250000000016 0.6791666666666667 0.37031250000000016 0.8958333333333334 0.50625 0.8958333333333334
2 0.9902456896551725 0.817764367816092 0.9659267241379311 0.6973275862068966 0.7928922413793102 0.7594425287356324 0.8172112068965516 0.8798793103448277
2 0.5526422050561798 0.9749882958801497 0.5462429775280899 0.9380149812734082 0.48017029494382024 0.9583450374531833 0.4865695224719101 0.9953183520599249
0 0.42184278350515464 0.5928049828178695 0.31557667525773214 0.5298324742268042 0.266994201030928 0.6755798969072166 0.3732603092783505 0.7385524054982819
0 0.8794213973799124 0.5224526928675401 0.8032273471615721 0.3896015283842795 0.704806905021834 0.4899517831149928 0.7810009552401744 0.6228029475982534
0 0.4137344782919422 0.8769299773688286 0.35186316330176887 0.7711210618783875 0.24750368500982667 0.8796077511762257 0.309375 0.9854166666666669
0 0.6265917359667361 0.7978300415800418 0.5112071205821207 0.7285992723492725 0.447501949064449 0.9173553361053363 0.5628865644490644 0.9865861053361056
0 0.61875 0.6916666666666665 0.6078125 0.5999999999999998 0.5673590994962215 0.6085810243492862 0.5782965994962216 0.700247691015953
0 0.5328125 0.5687500000000002 0.5256433823529413 0.530514705882353 0.5094669117647059 0.535906862745098 0.5166360294117648 0.5741421568627453
7 0.6437867647058824 0.587720588235294 0.618529411764706 0.4361764705882352 0.5147977941176471 0.46691176470588225 0.5400551470588235 0.6184558823529411
7 0.4843750000000003 0.8916666666666667 0.31250000000000017 0.8916666666666667 0.31250000000000017 0.9979166666666667 0.48437500000000033 0.9979166666666667
7 0.6902027027027027 0.7887950450450452 0.621896114864865 0.6612894144144147 0.5425253378378379 0.7368806306306309 0.6108319256756757 0.8643862612612614
7 0.8986695137976346 0.6474813841436707 0.833336070959264 0.5647256898817348 0.7713863337713533 0.6516726894437148 0.836719776609724 0.7344283837056509
7 0.7315992647058825 0.46477941176470616 0.7008915441176472 0.46162990196078457 0.695827205882353 0.5494117647058826 0.7265349264705884 0.5525612745098043
3 0.5781678082191781 0.583875570776256 0.3642979452054794 0.4769406392694065 0.33848458904109585 0.5687214611872148 0.5523544520547946 0.6756563926940643
3 0.8637499999999998 0.805416666666667 0.7559374999999997 0.5179166666666669 0.6890624999999999 0.5625000000000001 0.7968749999999999 0.8500000000000002
1 0.7125161082474223 0.530777491408935 0.6712145618556697 0.406872852233677 0.5971327319587626 0.45077319587628856 0.6384342783505152 0.5746778350515467
1 0.4829391891891893 0.6302364864864868 0.4048986486486488 0.6128941441441444 0.3967060810810812 0.678434684684685 0.47474662162162173 0.6957770270270274
1 0.3741698057097542 0.7963207110758659 0.36812549563838226 0.7493094105207508 0.30645568992862804 0.763405366111552 0.3125 0.8104166666666669
1 0.49185528391167194 0.716330178759201 0.4821391955835962 0.6531756046267089 0.35903391167192417 0.6868454258675081 0.3687499999999999 0.7500000000000002
1 0.8316914498141263 0.7878485130111528 0.7346886617100372 0.6197103469640648 0.6197606877323419 0.7375851920693932 0.7167634758364312 0.9057233581164812
1 0.8199632619738753 0.8803156748911466 0.8053769049346879 0.8195391872278666 0.6835404571843252 0.8715227382680214 0.6981268142235124 0.9322992259313013
1 0.7278895547945206 0.5543093607305938 0.665218321917808 0.5229737442922376 0.6508347602739725 0.5741152968036533 0.7135059931506851 0.6054509132420094
5 0.5999731759656652 0.6989002145922747 0.5498658798283262 0.5903344062947068 0.46530311158798277 0.659719241773963 0.5154104077253219 0.7682850500715309
5 0.7281778913963329 0.6442700987306067 0.6731708392101552 0.5367007522331925 0.5823122355430183 0.6192994828396805 0.6373192877291961 0.7268688293370947
5 0.7144536854375895 0.9301096963175515 0.7025724085365852 0.8128810975609757 0.5885648314203731 0.8334230033476805 0.6004461083213773 0.9506516021042563
5 0.9807091346153849 0.6744391025641029 0.8484975961538461 0.6391826923076924 0.8342548076923076 0.7341346153846156 0.9664663461538463 0.769391025641026
