3 0.5336234331363252 0.3453244409084022 0.47335479314152107 0.27607962048883994 0.32353806748067804 0.5078948009352471 0.3838067074754822 0.5771396213548095
3 0.7967307692307692 0.39512820512820535 0.766622596153846 0.24793269230769227 0.47324519230769224 0.3546153846153845 0.5033533653846154 0.5018108974358975
3 0.7657236405835544 0.45128978779840856 0.6848963859416445 0.36991268788682596 0.5564820954907161 0.596662245800177 0.6373093501326259 0.6780393457117596
7 0.709375 0.19375000000000023 0.615625 0.19375000000000023 0.615625 0.27500000000000024 0.709375 0.27500000000000024
7 0.7139008620689656 0.3130028735632185 0.6868534482758621 0.222844827586207 0.5906788793103448 0.274137931034483 0.6177262931034483 0.36429597701149447
0 0.6147412330316742 0.3574660633484163 0.607535350678733 0.2782013574660633 0.5492067307692307 0.2876282051282051 0.5564126131221718 0.36689291101055815
0 0.86875 0.3312500000000002 0.7421875 0.3312500000000002 0.7421875 0.48125000000000023 0.86875 0.48125000000000023
2 0.9546875 0.5562500000000004 0.86328125 0.43437500000000034 0.78125 0.5437500000000005 0.87265625 0.6656250000000005
1 0.5148230088495575 0.4985435103244838 0.45741150442477885 0.43156342182890867 0.40059457964601775 0.5181415929203541 0.45800608407079635 0.5851216814159292
0 0.5542349137931034 0.44567528735632206 0.5097521551724137 0.37895114942528757 0.4682435344827585 0.4281465517241382 0.5127262931034482 0.49487068965517267
1 0.6183011669658887 0.5231336026331539 0.5357411355475764 0.44202199281867155 0.47573215888689413 0.5506096648713347 0.5582921903052064 0.6317212746858171
1 0.44638970588235305 0.5807549019607843 0.43227205882352954 0.536049019607843 0.3608823529411765 0.5761274509803921 0.375 0.6208333333333333
0 0.528580901856764 0.6071341732979667 0.48540699602122006 0.5234029619805486 0.4314945291777188 0.5728227232537582 0.4746684350132627 0.6565539345711764
7 0.6374378453038676 0.6759254143646409 0.6047531077348067 0.5649953959484345 0.5694630524861879 0.5834806629834255 0.6021477900552487 0.6944106813996318
1 0.5032004310344826 0.653793103448276 0.4217349137931034 0.557241379310345 0.3507004310344828 0.663793103448276 0.4321659482758621 0.7603448275862069
5 0.5600707547169813 0.6411635220125788 0.5260200471698114 0.5916352201257863 0.4650294811320756 0.6661792452830191 0.4990801886792455 0.7157075471698116
5 0.7765625 0.6437500000000005 0.7153124999999999 0.5825000000000001 0.6828749999999999 0.6401666666666669 0.744125 0.7014166666666672
1 0.6284449658703071 0.8036262798634811 0.6139078498293514 0.638872298065984 0.4939686433447098 0.6576862912400455 0.5085057593856654 0.8224402730375426
0 0.7734375 0.7395833333333336 0.6812500000000001 0.6166666666666671 0.5984375000000002 0.7270833333333339 0.690625 0.8500000000000002
1 0.8098649281698937 0.6115461690610038 0.8071595877576515 0.46726134707474504 0.6983213616489694 0.47088928794503443 0.7010267020612118 0.6151741099312932
7 0.001062231734982112 0.0018254842352116857 0.000901719390368852 0.0016328694216757736 0.000708508211226904 0.0019191082055897712 0.000869020555840164 0.002111723019125683
0 0.56015625 0.828125 0.4945312500000001 0.7406250000000001 0.4382812499999999 0.8156250000000004 0.5039062499999998 0.9031250000000003
2 0.7081198770491803 0.8482581967213118 0.6607325819672131 0.7699112021857926 0.5902141787515763 0.8457374422026064 0.6376014738335435 0.9240844367381255
1 0.88125 0.6416666666666669 0.828125 0.5708333333333335 0.75625 0.6666666666666671 0.809375 0.7375000000000004
