2 0.3875000000000001 0.4625000000000001 0.27968750000000003 0.4625 0.2796875000000001 0.5708333333333333 0.3875000000000002 0.5708333333333333
2 0.37177129424778776 0.679157448377581 0.2744952986725665 0.6705106932153392 0.27098313053097356 0.7407540560471979 0.3682591261061948 0.7494008112094398
7 0.30281250000000004 0.5512499999999998 0.25468750000000007 0.4229166666666666 0.1965625 0.46166666666666667 0.24468750000000003 0.59
7 0.6285472972972971 0.7278716216216216 0.5684755067567566 0.6157376126126126 0.48496621621621616 0.6952702702702703 0.5450380067567566 0.8074042792792792
0 0.5171311211340205 0.544362113402062 0.44006926546391745 0.5048432130584194 0.411436855670103 0.6041022336769762 0.48849871134020606 0.6436211340206188
0 0.3871875000000001 0.6283333333333333 0.3521875 0.5349999999999999 0.2515624999999999 0.6020833333333333 0.2865625 0.6954166666666667
0 0.6659375000000001 0.7966666666666669 0.5660937499999998 0.7522916666666667 0.5545312499999999 0.7985416666666667 0.6543750000000002 0.8429166666666668
0 0.534375 0.772916666666667 0.50234375 0.7302083333333336 0.4796875 0.7604166666666669 0.5117187500000001 0.8031250000000003
1 0.4578125000000002 0.7166666666666669 0.3742187499999999 0.6052083333333335 0.3203124999999999 0.6770833333333335 0.4039062500000002 0.7885416666666669
1 0.443780487804878 0.6278658536585368 0.41199695121951213 0.5360467479674796 0.35888719512195116 0.5687296747967479 0.39067073170731703 0.6605487804878049
1 0.6906009615384615 0.8018269230769235 0.6157451923076923 0.7241987179487183 0.5893269230769231 0.7694871794871797 0.6641826923076923 0.8471153846153849
1 0.4871416284403671 0.6342316513761471 0.43295584862385345 0.6125573394495415 0.4270642201834864 0.6387423547400614 0.48125000000000007 0.6604166666666669
3 0.5535576923076924 0.6046153846153847 0.5052548076923078 0.5818846153846154 0.47213942307692314 0.7069871794871798 0.5204423076923078 0.729717948717949
3 0.5219382225433528 0.7775770712909441 0.44526734104046256 0.761849710982659 0.4430997109826591 0.780635838150289 0.5197705924855492 0.7963631984585742
5 0.5081662735849056 0.7558176100628932 0.47874410377358495 0.6185141509433961 0.40899174528301874 0.6450864779874214 0.43841391509433947 0.7823899371069184
