3 0.5807055995475112 0.36940987933635 0.47012867647058815 0.20723039215686284 0.2550127262443438 0.4679769984917045 0.36558964932126686 0.6301564856711916
3 0.8007118826304106 0.5295169718830933 0.6382500346836847 0.32687638734739205 0.5916048140954494 0.3933592304846468 0.7540666620421754 0.5959998150203482
1 0.3171875 0.45625000000000016 0.29167912286465175 0.36231438896189216 0.1884785643889618 0.41213534822601827 0.21398694152431008 0.5060709592641264
1 0.41049460283454164 0.3986143155350472 0.3600238958470665 0.27819297956493083 0.26543548121292015 0.3486706218413535 0.3159061882003954 0.4690919578114699
1 0.584777706185567 0.27568728522336766 0.5425096649484535 0.14888316151202746 0.46639819587628856 0.1939862542955326 0.508666237113402 0.32079037800687277
1 0.3939592306186374 0.7106907465413731 0.34789056382145656 0.5905116157661185 0.2723197680109632 0.6420117136517881 0.31838843480814405 0.7621908444270427
1 0.38353365384615395 0.5464743589743593 0.36622596153846165 0.5310897435897438 0.3587740384615385 0.5459935897435899 0.37608173076923085 0.5613782051282055
1 0.42202701122544434 0.4349489398191457 0.4120505437324602 0.4013028141565327 0.33191577993451815 0.4435443950732773 0.3418922474275023 0.4771905207358903
1 0.4956250000000001 0.5591666666666669 0.38546875000000014 0.5102083333333335 0.34515625000000005 0.6714583333333334 0.45531250000000006 0.7204166666666668
1 0.747320296653144 0.509235547667343 0.6311881972616632 0.484260902636917 0.6127583037525355 0.6366146889790402 0.7288904031440163 0.6615893340094661
1 0.7545533585055644 0.658485691573927 0.645377086645469 0.6468402225755167 0.636931140699523 0.7876059883412826 0.7461074125596184 0.7992514573396929
1 0.9077122641509435 0.594740566037736 0.8372110849056604 0.4921933962264152 0.7918573113207547 0.5476257861635223 0.8623584905660376 0.6501729559748431
0 0.45168722885032553 0.24201735357917584 0.3742468817787419 0.23986623282718736 0.37189872559652926 0.39014822848879266 0.44933907266811285 0.3922993492407812
0 0.73796875 0.32062500000000005 0.70078125 0.17187499999999997 0.6154687499999998 0.20979166666666665 0.6526562499999997 0.3585416666666667
0 0.37245620389884093 0.5595253775904461 0.30325507112750266 0.4313751317175974 0.2105176501580611 0.5204030558482613 0.27971878292939933 0.64855330172111
0 0.6174193249258162 0.6436634520276955 0.5061433605341247 0.5602064787339268 0.44501112759643907 0.7051125123639963 0.5562870919881305 0.788569485657765
0 0.49539591003221356 0.7949867694431664 0.42895981937413713 0.6703165746280105 0.32234166474919457 0.7713232474305876 0.388777755407271 0.8959934422457434
7 0.6467658296943231 0.2239082969432313 0.6390829694323144 0.14707969432314408 0.5560794213973799 0.16183588064046575 0.5637622816593886 0.23866448326055298
7 0.6631149655963301 0.3221081804281346 0.5963861811926604 0.19567469418960245 0.5132884174311926 0.2736429663608562 0.5800172018348622 0.40007645259938834
7 0.773076923076923 0.37676282051282073 0.6962740384615383 0.3084935897435899 0.6566105769230768 0.38782051282051294 0.7334134615384614 0.4560897435897438
7 0.6308945676561961 0.5224456334138767 0.5672754142216085 0.4020480957312163 0.5059533569209528 0.4596536647106203 0.5695725103555402 0.5800512023932807
7 0.6566810344827587 0.6826867816091955 0.6136853448275864 0.5393678160919539 0.5517241379310345 0.5724137931034482 0.5947198275862069 0.7157327586206896
7 0.0009449128720783682 0.001849822973710525 0.0007763829792609958 0.0016317254653586317 0.0005503931848831453 0.0019421760919787097 0.0007189230777005177 0.002160273600330603
2 0.6692942415730337 0.8440777153558054 0.6092521067415732 0.715987827715356 0.5088307584269663 0.799672284644195 0.5688728932584269 0.9277621722846445
2 0.8770692567567571 0.6123873873873877 0.7833614864864866 0.5231418918918921 0.7094594594594594 0.6610923423423426 0.8031672297297299 0.7503378378378383
5 0.8501608910891088 0.4482714521452145 0.7671534653465344 0.3783704620462046 0.7257549504950493 0.46576732673267346 0.8087623762376237 0.5356683168316834
5 0.6913614649681528 0.4808386411889597 0.6675009952229299 0.372671178343949 0.5658190684713376 0.4125464437367302 0.5896795382165604 0.5207139065817409
5 0.5655100435624394 0.5830872862213615 0.5576551911907066 0.4713738302678282 0.46307629477250717 0.4831961923201031 0.47093114714423995 0.5949096482736365
