3 0.3691332547169813 0.3590801886792454 0.2577063679245283 0.1970047169811321 -0.02432193396226414 0.5417059748427674 0.08710495283018882 0.7037814465408807
3 0.6602724056603773 0.48222955974842774 0.4494068396226415 0.2689402515723272 0.383873820754717 0.3841194968553461 0.5947393867924526 0.5974088050314467
7 0.4788338658146965 0.09862886048988298 0.45456269968051116 0.06875665601703945 0.3919628594249201 0.15917864749733765 0.41623402555910544 0.18905085197018115
7 0.44188542375765827 0.32527229407760383 0.4229258849557523 0.1331489675516224 0.2768528761061947 0.15877581120943948 0.2958124149081007 0.35089913773542086
7 0.45211937340893316 0.671319331944766 0.34995299120573947 0.5821559438401606 0.27377270886368893 0.737338000462856 0.3759390910668826 0.8265013885674615
7 0.6328683731808732 0.2919248094248096 0.5821491683991684 0.21854383229383229 0.49301845114345105 0.32806392931392925 0.5437376559251559 0.40144490644490655
0 0.5934458780160856 0.2040784182305631 0.4974271112600535 0.0628094280607686 0.39415633378016074 0.1875949508489723 0.49017510053619284 0.3288639410187668
0 0.2328125 0.26250000000000007 0.1943792229729729 0.2544087837837839 0.17917652027027023 0.3827871621621622 0.21760979729729732 0.3908783783783784
0 0.10285539987405545 0.7148535894206552 0.10117561397984884 0.573751574307305 -0.0016010705289673007 0.5759267422334174 0.00007871536523929717 0.7170287573467677
0 0.3455597243918769 0.8236047571226662 0.30510558469091725 0.6044781670758018 0.11372112809640707 0.6672915271888719 0.1541752677973667 0.8864181172357363
0 0.39543924443959877 0.5152711149876436 0.3167350359790667 0.4578045500799535 0.27977881051024855 0.5477849251344673 0.35848301897078066 0.6052514900421574
0 0.20220697329376852 0.9646760633036597 0.18643471810089018 0.8052010385756676 -0.008425445103857575 0.8394621661721068 0.007346810089020761 0.9989371909000989
0 0.1734375000000002 0.95625 0.02500000000000018 0.95625 0.02500000000000018 0.9979166666666667 0.1734375000000002 0.9979166666666667
2 0.35468750000000016 0.8458333333333333 0.1734375000000002 0.8458333333333333 0.1734375000000002 0.9979166666666667 0.35468750000000016 0.9979166666666667
2 0.6978166170845729 0.6118828800113333 0.6231327029324266 0.468939474429806 0.4689642212069697 0.612137165320867 0.5436481353591159 0.7550805709023944
2 0.36556049311926625 0.8195049694189602 0.3214879587155966 0.7878631498470949 0.29655246559633053 0.8496081804281347 0.3406250000000002 0.88125
1 0.5441081606217616 0.7589019861830743 0.48279209844559584 0.6557033678756476 0.34766806994818655 0.7984317789291882 0.4089841321243523 0.9016303972366148
1 0.5551039680648235 0.4944705274864952 0.40167927788369867 0.4292465046075629 0.3475706029551954 0.6555191452176677 0.5009952931363204 0.7207431680966001
1 0.7908736088211046 0.5234181780708986 0.724419053998351 0.4146743610882112 0.6306883759274524 0.5165052212146197 0.697142930750206 0.6252490381973071
1 0.2186955726417812 0.6181708409301733 0.11914598527012776 0.543601861625564 0.032519521878898415 0.7491953347407481 0.13206910925055185 0.8237643140453574
1 0.2031658653846154 0.4114775641025642 0.17600961538461535 0.3357692307692307 0.06692548076923074 0.40533012820512815 0.09408173076923078 0.4810384615384616
1 0.07968750000000005 0.4729166666666667 0.06920036764705884 0.4509436274509804 0.005101102941176494 0.5053308823529411 0.015588235294117703 0.5273039215686275
1 0.1140625 0.8125 0.05860655737704921 0.7237704918032788 0.014190573770491755 0.7731215846994537 0.06964651639344255 0.8618510928961751
1 0.3671875 0.14375 0.3473282200811359 0.10708671399594318 0.2627250253549695 0.1885564570655849 0.2825843052738336 0.22521974306964174
5 0.3416875000000002 0.5109166666666669 0.21503125000000015 0.4867916666666668 0.19968750000000007 0.6300000000000001 0.3263437500000001 0.6541250000000003
5 0.4796875 0.4125000000000003 0.38828124999999997 0.29062500000000024 0.29218749999999993 0.41875000000000023 0.38359374999999996 0.5406250000000002
5 0.6943692660550458 0.3140022935779818 0.5657196100917432 0.28417048929663635 0.5435980504587157 0.45376911314984725 0.6722477064220184 0.48360091743119277
