2 0.3429211884595023 0.43036549320628203 0.30716235442032813 0.31818091582848074 0.19155886050820536 0.3836895623786836 0.22731769454737955 0.4958741397564849
2 0.43304371387283236 0.6932538535645473 0.39227059248554913 0.5873868015414259 0.2949918713872833 0.6539920520231214 0.3357649927745665 0.7598591040462428
3 0.5987068965517242 0.6102729885057472 0.579741379310345 0.5470545977011495 0.43615301724137917 0.6236350574712645 0.4551185344827585 0.6868534482758621
3 0.5302461980712165 0.4779580860534126 0.4997055823442137 0.33252658259149365 0.4458642433234422 0.35262734915924826 0.47640485905044505 0.4980588526211673
7 0.2484375 0.47708333333333336 0.16015625000000008 0.3593750000000001 0.10468750000000007 0.4333333333333335 0.19296874999999997 0.5510416666666667
7 0.617860576923077 0.5238461538461539 0.604471153846154 0.38102564102564107 0.4971634615384615 0.3989102564102565 0.5105528846153846 0.5417307692307692
2 0.278485576923077 0.581570512820513 0.20925480769230775 0.5200320512820515 0.1917067307692308 0.5551282051282055 0.2609375000000001 0.6166666666666669
5 0.5357077205882355 0.5626838235294118 0.4866268382352941 0.4536151960784314 0.42205882352941176 0.5052696078431373 0.4711397058823531 0.6143382352941179
5 0.4674442427385891 0.46809128630705404 0.43170772821576764 0.4259405255878287 0.3846161825726141 0.4969190871369296 0.4203526970954356 0.539069847856155
5 0.3312500000000001 0.5833333333333336 0.3005525914634148 0.5787855691056912 0.2973894817073172 0.616742886178862 0.32808689024390253 0.6212906504065042
0 0.4553184575389948 0.4243573079145004 0.45155166811091857 0.3038200462160602 0.3616686525129982 0.3088135470826112 0.3654354419410744 0.4293508087810515
0 0.38113207547169814 0.5443003144654087 0.3324882075471699 0.4275550314465409 0.22635613207547173 0.5061713836477988 0.275 0.6229166666666667
0 0.716617256076975 0.549384565608823 0.6976040259959486 0.48133721584514955 0.5725037981093855 0.543478505514292 0.5915170281904117 0.6115258552779654
0 0.559375 0.5187500000000003 0.515625 0.5187500000000003 0.515625 0.5791666666666667 0.559375 0.5791666666666667
1 0.7078810176358437 0.524334683825866 0.6974991062917064 0.43574237368922775 0.5919700309818875 0.4577275977121065 0.6023519423260247 0.5463199078487447
1 0.4227022058823529 0.4518382352941176 0.3510294117647058 0.36992647058823525 0.3019485294117647 0.4462745098039214 0.3736213235294118 0.5281862745098037
1 0.4671875 0.46249999999999997 0.4664006762782402 0.41948696987713036 0.3995197309750297 0.42166195996829164 0.40030655469678944 0.46467499009116126
1 0.4813935810810813 0.5498986486486489 0.3531503378378378 0.4972860360360362 0.32203547297297297 0.6321171171171174 0.4502787162162165 0.68472972972973
1 0.32968750000000013 0.6270833333333337 0.29531250000000003 0.5812500000000003 0.2640625 0.6229166666666669 0.2984375000000001 0.6687500000000004
