3 0.49181612998285473 0.3503522824689243 0.4517182142091728 0.1848688205457922 0.1489896994213459 0.31527494999285605 0.18908761519502784 0.48075841191598806
3 0.19122610419995448 0.35208723274747034 0.10138795366354722 0.28040534885490387 -0.044061144715818325 0.6044761469984024 0.0457770058205889 0.6761580308909688
3 0.4828368355995057 0.37509837247630834 0.37270414864029666 0.35364930984754855 0.3475407524721879 0.5833459517923365 0.45767343943139693 0.6047950144210963
2 0.6863015463917528 0.35182130584192467 0.5614175257731959 0.34425257731958786 0.5564110824742269 0.4911082474226806 0.6812951030927836 0.4986769759450175
7 0.398125 0.2637500000000001 0.36374999999999996 0.17208333333333328 0.27125000000000005 0.23374999999999999 0.30562500000000004 0.32541666666666674
7 0.3540215163934426 0.1931010928961749 0.3195696721311475 0.13797814207650277 0.24533811475409834 0.22045765027322403 0.27978995901639336 0.27558060109289617
0 0.29343949680511194 0.3016001064962726 0.28231429712460077 0.250356762513312 0.2081050319488818 0.2789989350372738 0.21923023162939304 0.3302422790202344
0 0.5811594441517387 0.3774587284861257 0.5557346548998947 0.23217421847558825 0.4482530953635405 0.26561292588689844 0.47367788461538457 0.4108974358974359
1 0.58078125 0.5060416666666668 0.5407926829268292 0.36132113821138223 0.4316730182926829 0.41492378048780504 0.4716615853658537 0.5596443089430897
1 0.6640625 0.5187500000000002 0.5796875000000001 0.46250000000000024 0.535 0.581666666666667 0.619375 0.637916666666667
1 0.3639768835616439 0.48650114155251156 0.2511986301369864 0.418150684931507 0.1996682363013699 0.5693065068493153 0.3124464897260274 0.6376569634703199
0 0.2663188781453868 0.4070567334575955 0.18982045083876983 0.3416734622553588 0.13040758970177074 0.4652522134203169 0.20690601700838768 0.5306354846225536
1 0.20144230769230775 0.530448717948718 0.12427884615384624 0.46185897435897455 0.061298076923077094 0.5878205128205131 0.13846153846153858 0.6564102564102564
1 0.1275220372184135 0.6277607737512244 0.06361410381978463 0.5965168952007835 0.026848677766895212 0.7302093535749264 0.09075661116552407 0.7614532321253673
1 0.2626135380622839 0.6734140715109577 0.13634299307958483 0.583621683967705 0.06765787197231839 0.755334486735871 0.19392841695501742 0.8451268742791237
1 0.4890625000000002 0.7083333333333337 0.38515625 0.5697916666666668 0.28437499999999993 0.7041666666666668 0.3882812500000001 0.8427083333333337
1 0.29367710446247475 0.7789807302231239 0.23383303752535495 0.721353110209601 0.17417279411764705 0.8314950980392157 0.23401686105476682 0.8891227180527383
0 0.2738227739726029 0.5992865296803657 0.16987371575342478 0.5362871004566211 0.14065710616438368 0.6219891552511416 0.2446061643835618 0.6849885844748862
0 0.58375 0.7162499999999998 0.5396874999999999 0.5399999999999997 0.4281249999999999 0.5895833333333331 0.4721875 0.7658333333333331
0 0.405449657107232 0.823009143807149 0.29415134039900254 0.7392975893599337 0.23380221321695763 0.8819409808811308 0.3451005299251871 0.965652535328346
5 0.32887479026845634 0.624196029082774 0.2494546979865772 0.6055089485458612 0.23043729026845644 0.749196029082774 0.30985738255033557 0.7678831096196868
7 0.0008628331014554796 0.0016804128614916292 0.0006391601562500002 0.001568576388888889 0.0005107020547945207 0.002025316305175038 0.0007343750000000002 0.0021371527777777777
2 0.5679687500000001 0.8218749999999999 0.49140625 0.7197916666666667 0.4421874999999999 0.7854166666666669 0.51875 0.8875000000000001
