3 0.7270946380622065 0.7049903968076382 0.6542812290221527 0.6658434027000824 0.5789620161109869 0.914898933393004 0.6517754251510406 0.9540459275005598
3 0.6262500000000001 0.5908333333333335 0.5365625000000002 0.3516666666666667 0.48156250000000006 0.3883333333333334 0.57125 0.6275000000000002
0 0.5335948838896952 0.47671746492501216 0.47260522496371554 0.3810474117077891 0.4039368650217707 0.4588715529753266 0.46492652394775036 0.5545416061925497
0 0.7005442415730336 0.6753277153558055 0.6508602528089886 0.5693352059925094 0.5736130617977527 0.6337078651685393 0.6232970505617976 0.7397003745318353
0 0.8283566893278607 0.6569533521464004 0.7433772126731657 0.5864043526594838 0.6708352039507439 0.7417468359842656 0.7558146806054388 0.8122958354711822
1 0.6450000000000001 0.4574999999999999 0.6175000000000002 0.3841666666666666 0.5599999999999999 0.42250000000000004 0.5875 0.49583333333333335
0 0.6999285343035343 0.4664154539154541 0.6534108627858627 0.43850485100485115 0.6378573284823285 0.4845893970893972 0.684375 0.5125000000000001
1 0.7984375 0.4604166666666669 0.6859375 0.4604166666666669 0.6859375 0.6083333333333337 0.7984375 0.6083333333333338
1 0.771875 0.6229166666666669 0.7451736571618037 0.5683272546419099 0.665625 0.6375000000000001 0.6923263428381963 0.692089412024757
1 0.559375 0.5041666666666669 0.48125 0.5041666666666669 0.48125 0.5958333333333333 0.559375 0.5958333333333333
1 0.503125 0.55625 0.40625 0.55625 0.40625 0.6833333333333333 0.503125 0.6833333333333333
5 0.5981250000000001 0.6279166666666669 0.55275 0.54725 0.48150000000000004 0.6185000000000002 0.5268750000000002 0.6991666666666669
5 0.6535823170731708 0.7403455284552849 0.5878810975609756 0.6308434959349593 0.5259527439024388 0.6969004065040649 0.591653963414634 0.8064024390243906
2 0.4434291026871402 0.6577855086372364 0.3674334213051824 0.6020553422904673 0.311318378119002 0.7380918106206017 0.38731405950095976 0.7938219769673708
0 0.5218750000000001 0.7187500000000002 0.4375000000000001 0.6625000000000002 0.386875 0.7975000000000001 0.47125000000000006 0.8537500000000002
5 0.6984375 0.9020833333333333 0.603125 0.9020833333333333 0.6031250000000001 0.9979166666666667 0.6984375000000002 0.9979166666666667
2 0.6046875000000003 0.9479166666666666 0.5062500000000001 0.9479166666666666 0.5062500000000002 0.9979166666666667 0.6046875000000004 0.9979166666666667
1 0.6282377577319588 0.8946091065292098 0.5793331185567011 0.7478951890034364 0.47190721649484535 0.8115549828178693 0.5208118556701031 0.9582689003436428
1 0.0008903278020756857 0.0019272744510269355 0.0007981832477474039 0.0018174097900970608 0.0006519996500089206 0.0020353752978361605 0.0007441442043372024 0.002145239958766036
5 0.496875 0.8041666666666667 0.465625 0.8041666666666667 0.465625 0.8979166666666667 0.496875 0.8979166666666667
5 0.49474532918149466 0.8796634045077105 0.4388122775800712 0.8405990510083038 0.39318282918149466 0.9567467378410439 0.4491158807829182 0.9958110913404509
2 0.4613114394382681 0.8409681587673105 0.3921280719719135 0.7829859079383658 0.3421043007606788 0.8890969377803787 0.41128766822703333 0.9470791886093235
7 0.8723702617328518 0.5620457280385082 0.8156554602888086 0.5171465102286403 0.7698059566787003 0.6201067990373047 0.8265207581227434 0.6650060168471724
7 0.7572877155172416 0.8064784482758625 0.7054762931034484 0.766704022988506 0.653021551724138 0.8881781609195405 0.7048329741379314 0.927952586206897
7 0.5671875 0.6833333333333333 0.503125 0.6833333333333333 0.503125 0.7854166666666667 0.5671875 0.7854166666666667
7 0.3943224009900992 0.7909653465346538 0.31280940594059414 0.702042079207921 0.25259127475247534 0.8001753300330035 0.3341042698019804 0.8890985973597363
0 0.39386853448275866 0.6231034482758623 0.37442887931034474 0.5924712643678163 0.31181034482758624 0.6631178160919544 0.33125000000000016 0.6937500000000003
