3 0.6101493362831858 0.28451327433628326 0.40107853982300884 -0.034070796460176925 0.32585730088495557 0.0536873156342185 0.5349280973451327 0.3722713864306787
3 0.789374268720749 0.4441084893395738 0.6954770378315132 0.42350656526261066 0.6551499122464898 0.7502596853874157 0.7490471431357256 0.7708616094643788
2 0.41875 0.5000000000000002 0.30468750000000017 0.5000000000000001 0.30468750000000017 0.68125 0.41875 0.68125
2 0.7537146226415091 0.9652515723270443 0.7119103773584902 0.7701650943396225 0.5953124999999998 0.8145833333333331 0.6371167452830188 1.009669811320755
2 0.47696153156384524 0.6618962219033956 0.3895377510760402 0.6461441893830705 0.3799430595408896 0.7408118125298903 0.4673668400286946 0.7565638450502153
0 0.4520432692307693 0.2592948717948717 0.3679086538461539 0.09102564102564097 0.27019230769230773 0.1778846153846154 0.3543269230769231 0.3461538461538461
0 0.7238857581967214 0.09342554644808763 0.5928662909836067 0.07754439890710403 0.5840163934426231 0.20734289617486362 0.7150358606557379 0.2232240437158472
0 0.9596875 0.4195833333333337 0.80171875 0.34937500000000027 0.7478125 0.5650000000000002 0.9057812500000001 0.6352083333333336
0 0.515625 0.5062500000000002 0.4140625 0.5062500000000002 0.4140625 0.6729166666666667 0.515625 0.6729166666666667
0 0.3762619989895589 0.4737439654204562 0.32331908891882793 0.4084477096665546 0.2469886746379253 0.5184735320534413 0.2999315847086563 0.583769787807343
0 0.735625 0.4695833333333334 0.7006249999999999 0.3295833333333333 0.57265625 0.3864583333333333 0.60765625 0.5264583333333334
1 0.624067679558011 0.11388121546961341 0.5275552486187844 -0.0019337016574586603 0.46268128453038654 0.09417587476979733 0.559193715469613 0.2099907918968694
1 0.8689903846153844 0.29214743589743597 0.8277043269230766 0.09030448717948729 0.6794951923076922 0.14419871794871802 0.7207812499999998 0.3460416666666667
1 0.8413461538461539 0.41105769230769246 0.824579326923077 0.2992788461538462 0.7070913461538463 0.3306089743589744 0.7238581730769231 0.44238782051282055
1 0.490625 0.49166666666666675 0.456191037735849 0.33097484276729566 0.3350530660377357 0.3771226415094341 0.3694870283018867 0.5378144654088052
1 0.4268111737400531 0.3442583996463308 0.39342672413793106 0.2760057471264369 0.31449767904509285 0.3446396993810788 0.34788212864721485 0.41289235190097273
1 0.5159949015972618 0.31623645179691945 0.443062785225328 0.23418782087849396 0.39902221192241866 0.30378280091272103 0.47195432829435247 0.38583143183114654
1 0.6995282275021026 0.6431174656574153 0.5621872371740959 0.5876261564339783 0.5254573170731708 0.749237804878049 0.6627983074011776 0.8047291141014861
1 0.6455346153846153 0.7888358974358974 0.54266875 0.7344916666666668 0.5100076923076923 0.844398717948718 0.6128735576923077 0.8987429487179489
1 0.796875 0.8520833333333339 0.73125 0.8520833333333339 0.73125 0.9520833333333338 0.796875 0.9520833333333338
7 0.3934606986899564 0.6866430131004368 0.2912500000000001 0.5941666666666667 0.2384347707423581 0.6979439592430859 0.3406454694323144 0.7904203056768561
7 0.59375 0.45208333333333356 0.509375 0.45208333333333356 0.509375 0.6041666666666666 0.59375 0.6041666666666666
7 0.8944496962558892 0.626225824448302 0.7716878719315646 0.5458204190428966 0.7253235029754526 0.6716665633523436 0.8480853272997771 0.7520719687577491
7 0.0016009942660241056 0.0004112786316304833 0.001361336792714497 0.0003114213510848129 0.001251709483051338 0.0007791645389809572 0.0014913669563609466 0.0008790218195266277
7 0.72625 0.23833333333333348 0.6049999999999999 0.15750000000000014 0.5346874999999999 0.34500000000000014 0.6559375 0.4258333333333335
5 0.5978028846153844 0.4476025641025642 0.5614278846153844 0.3101858974358975 0.4571394230769231 0.3592628205128205 0.49351442307692306 0.49667948717948723
5 0.7063134517766498 0.5470177664974621 0.6101245241116752 0.4358661167512691 0.5467639593908629 0.5333439086294417 0.6429528870558375 0.6444955583756348
5 0.8464875 0.7330500000000003 0.7226000000000001 0.7030166666666668 0.7031000000000002 0.8460166666666671 0.8269874999999999 0.8760500000000004
5 0.5720453902714933 0.6093542609351436 0.5248621323529411 0.5815563725490198 0.49223274886877827 0.680016968325792 0.5394160067873305 0.7078148567119158
5 0.5534908536585366 0.703109756097561 0.48096036585365853 0.6584756097560976 0.4448323170731707 0.7628455284552847 0.5173628048780488 0.807479674796748
