2 0.470208765560166 0.5796853388658368 0.4392926607883817 0.5084846127247579 0.31518412863070533 0.6042876901798062 0.3461002334024896 0.6754884163208852
2 0.416202205882353 0.5333382352941178 0.38964338235294127 0.4492352941176471 0.2854227941176471 0.5077450980392156 0.31198161764705884 0.5918480392156865
2 0.44717252522068096 0.3240752416981927 0.38968710592685996 0.22903268179907538 0.29412535466582596 0.33178725304749895 0.3516107739596469 0.4268298129466163
7 0.37656250000000013 0.4333333333333336 0.29609375 0.3260416666666668 0.2265625 0.4187500000000001 0.30703125000000014 0.526041666666667
7 0.7611187845303866 0.25374079189686943 0.6828815607734805 0.13783379373848986 0.5840383287292815 0.25644567219152853 0.6622755524861876 0.3723526703499081
0 0.4906500649570719 0.3971395353215847 0.43129942385901493 0.3244652809158006 0.34832559026208765 0.4449309948787469 0.40767623136014464 0.517605249284531
0 0.587428616751269 0.2840841793570219 0.579505076142132 0.13617808798646364 0.49222715736040606 0.1444902707275804 0.5001506979695431 0.29239636209813874
0 0.8053768382352942 0.3119485294117649 0.77890625 0.253125 0.6529871323529411 0.3538602941176471 0.6794577205882353 0.41268382352941196
0 0.686195208023774 0.39257057949479957 0.6706421805349181 0.32658803863298685 0.601246749628529 0.35566802872709286 0.6167997771173848 0.4216505695889055
0 0.5531249999999999 0.3375000000000001 0.47890625 0.2385416666666668 0.41875 0.31875000000000014 0.4929687499999999 0.4177083333333334
0 0.6015625000000001 0.26250000000000023 0.5312500000000001 0.2625000000000001 0.53125 0.31666666666666693 0.6015625 0.316666666666667
0 0.5633460574293527 0.5049092221209358 0.5091300136736554 0.37388711637800043 0.39099532816773014 0.46079079307201454 0.44521137192342747 0.5918128988149499
0 0.4078125000000001 0.5395833333333336 0.3890224467080411 0.5120856943694911 0.3178561791689153 0.5985395304910958 0.33664623246087433 0.6260371694549384
0 0.8727874999999997 0.2172666666666669 0.7465624999999999 0.1866666666666669 0.7326374999999999 0.28878333333333356 0.8588624999999996 0.3193833333333336
5 0.6435576923076922 0.39163461538461547 0.5728004807692308 0.2703365384615385 0.4879927884615384 0.3582852564102564 0.55875 0.4795833333333334
5 0.8059345832834749 0.3111889733157836 0.7806058917673806 0.25318994056878474 0.6523088802800048 0.3527960591918951 0.6776375717960991 0.4107950919388939
3 0.652834556983147 0.1427898520496136 0.5853005589854829 0.13343449301963417 0.5692338978808609 0.3396233105289506 0.6367678958785249 0.3489786695589301
3 0.6785250231338679 0.4135448797038866 0.6656245180444168 0.38448167283569823 0.5379101442011104 0.48526308348755914 0.5508106492905613 0.5143262903557475
