3 0.5519170467502849 0.5026320790573926 0.5205102622576965 0.30023280121626766 0.4682226339794754 0.3146569745343976 0.49962941847206377 0.5170562523755226
3 0.6220685840707965 0.6101216814159293 0.5749446902654867 0.5551438053097346 0.473313053097345 0.7100110619469028 0.5204369469026549 0.7649889380530974
2 0.3796875000000001 0.4708333333333334 0.2875 0.4708333333333333 0.28750000000000003 0.5958333333333333 0.3796875000000002 0.5958333333333333
2 0.3847502886836028 0.6812644341801389 0.3476400115473441 0.6111672440338725 0.2739643475750578 0.6805090454195537 0.3110746247113164 0.7506062355658202
2 0.49638859054857914 0.7997466402291258 0.433178081625909 0.7184759858999784 0.3515914160608065 0.8312871777924659 0.4148019249834767 0.9125578321216132
0 0.4856381810193322 0.4219280902167546 0.4672712543936731 0.3064788371411833 0.39504750659050963 0.326905755711775 0.41341443321616866 0.44235500878734624
0 0.6048221982758621 0.5656968390804598 0.5786368534482758 0.48423132183908035 0.5158405172413792 0.5201149425287357 0.5420258620689655 0.6015804597701151
0 0.6937012614678898 0.5479778287461776 0.6506737385321102 0.48702217125382297 0.5684030963302752 0.5902637614678901 0.6114306192660549 0.6512194189602448
0 0.448577691680261 0.5898756117455142 0.3900336460032626 0.5161534801522569 0.32247909869494285 0.6115246057640022 0.38102314437194124 0.6852467373572596
1 0.588260135135135 0.38108108108108124 0.5833192567567567 0.3415540540540541 0.5278293918918919 0.35388513513513503 0.5327702702702702 0.3934121621621622
1 0.7046875 0.40208333333333357 0.6140625 0.40208333333333357 0.6140625 0.5208333333333336 0.7046875 0.5208333333333336
1 0.5052824334698055 0.4707309791879905 0.4994674385875128 0.4106426987376321 0.4385859135107471 0.4211169396110541 0.4444009083930399 0.48120522006141253
1 0.45602817862714523 0.452369344773791 0.3730279836193448 0.43466263650546016 0.36095700078003123 0.5352541601664068 0.4439571957878316 0.5529608684347377
1 0.503125 0.6125 0.403125 0.6125 0.403125 0.7458333333333333 0.503125 0.7458333333333333
1 0.427868289133247 0.7414968736524366 0.38677837968952133 0.6991618154376888 0.33117925291073735 0.7950975636050023 0.37226916235446306 0.83743262181975
5 0.39610935322805396 0.7076734014553339 0.3613090745471437 0.6725596067502712 0.31284472248026024 0.757949179439542 0.3476450011611705 0.7930629741446046
5 0.5476137575542125 0.7365409112454082 0.5225198853537149 0.7021781312951773 0.46156183345183066 0.7813166548169216 0.4866557056523283 0.8156794347671527
5 0.5580314726840854 0.5813836104513066 0.49796244061757705 0.506631037212985 0.44886059976247017 0.5767765241488519 0.5089296318289784 0.6515290973871736
5 0.5263800182481753 0.5173357664233577 0.5021897810218978 0.448220802919708 0.4324760492700729 0.4915982360097324 0.45666628649635027 0.560713199513382
7 0.7328109575518262 0.4959258802237579 0.7181515301085883 0.4754915268180323 0.676395915597236 0.5287450641658442 0.691055343040474 0.5491794175715697
7 0.6047329781704781 0.6647869022869023 0.5931847713097713 0.6483627858627858 0.5391826923076921 0.7158653846153847 0.550730899168399 0.7322895010395012
7 0.33548093534057266 0.6148938795656466 0.27117627097729524 0.5252570746956233 0.21150512092793675 0.6013594109904571 0.27580978529121414 0.6909962158604803
7 0.4781826994091579 0.6145002461841457 0.47653711225997036 0.5574532250123092 0.4296713441654356 0.5598565977351058 0.4313169313146232 0.6169036189069422
