3 0.6143665224508889 0.7115645463049581 0.4222184869036482 0.6005456813221078 0.3785912652011225 0.7347832865606485 0.570739300748363 0.8458021515434988
3 0.6044471153846154 0.4828525641025641 0.5849759615384615 0.44391025641025655 0.4818509615384616 0.5355769230769234 0.5013221153846155 0.574519230769231
2 0.6897264376996803 0.4549520766773165 0.6395866613418528 0.38252795527156547 0.5885782747603832 0.44530750798722046 0.6387180511182107 0.5177316293929715
2 0.7780472285067876 0.6167609351432882 0.7297582013574662 0.5459370286576167 0.6683964932126697 0.6203148567119157 0.7166855203619912 0.691138763197587
2 0.7284461730268864 0.7087977016478751 0.720336892888118 0.6641966608846487 0.661842747181266 0.6831038594969644 0.6699520273200346 0.7277049002601909
7 0.4334375 0.5983333333333335 0.41593749999999996 0.5283333333333334 0.34609375 0.5593750000000001 0.36359374999999994 0.6293750000000001
7 0.5203125 0.5458333333333333 0.4375 0.5458333333333333 0.4375 0.64375 0.5203125 0.64375
7 0.5417006160572336 0.4989235559088501 0.5240138116057234 0.4446840222575517 0.46825069554848964 0.4770104663487017 0.4859375 0.5312500000000001
7 0.6546875 0.5812500000000004 0.62890625 0.5468750000000003 0.58046875 0.6114583333333335 0.60625 0.6458333333333336
7 0.8310096153846152 0.714102564102564 0.7834134615384615 0.6189102564102564 0.7127403846153845 0.6817307692307693 0.7603365384615381 0.7769230769230769
0 0.754375 0.7820833333333334 0.7294958563535913 0.6976450276243097 0.6509392265193371 0.7387937384898714 0.675818370165746 0.8232320441988951
0 0.7157876493174062 0.6398641922639366 0.6499280076791809 0.5705382536973835 0.5965337030716723 0.6607153014789534 0.6623933447098976 0.7300412400455065
0 0.49240483403582724 0.5205413593256062 0.45361070864067443 0.44870038637161946 0.3884928213909379 0.5112135581313665 0.42728694678609075 0.5830545310853533
0 0.48696789057928613 0.7587197678954555 0.4495355471035693 0.6793178271893896 0.3794561878291398 0.7380510044860544 0.4168885313048567 0.8174529451921203
0 0.5870757918552035 0.6139611613876321 0.5544824660633484 0.5661576168929111 0.5010534502262443 0.6309200603318251 0.5336467760180994 0.6787236048265461
0 0.6114997837370242 0.8743223760092274 0.5807904411764706 0.7975490196078432 0.5018003892733564 0.8537197231833911 0.53250973183391 0.9304930795847752
5 0.5901222153465346 0.43392120462046224 0.5471534653465346 0.38704620462046224 0.5077506188118812 0.4512582508250828 0.5507193688118812 0.49813325082508286
5 0.5867135067114094 0.5663590604026848 0.5500838926174496 0.49658836689038044 0.5003775167785234 0.5429809843400448 0.5370071308724832 0.6127516778523493
5 0.619879807692308 0.6671153846153846 0.5866466346153848 0.6101442307692306 0.5422956730769232 0.6561378205128203 0.5755288461538464 0.7131089743589744
1 0.6388326637824475 0.39120055624227457 0.6064228600123611 0.36108235475896194 0.5691526962299136 0.43238179851668757 0.6015625 0.4625000000000002
1 0.6507964601769911 0.5603207964601771 0.6328429203539822 0.46855825958702063 0.5607771017699114 0.49362463126843653 0.5787306415929203 0.5853871681415931
1 0.7258413461538462 0.5464743589743589 0.6881009615384617 0.4709935897435898 0.6282451923076923 0.5241987179487182 0.6659855769230768 0.5996794871794874
1 0.665625 0.6875 0.5796875 0.6875 0.5796875 0.8104166666666667 0.665625 0.8104166666666667
1 0.6690625000000001 0.8362499999999999 0.649375 0.78375 0.5912499999999999 0.8225 0.6109375 0.875
1 0.5430417847025496 0.9271600566572239 0.51875 0.8583333333333335 0.4451575779036827 0.9045089707271013 0.46944936260623227 0.9733356940509916
1 0.5241250000000003 0.8477500000000003 0.4750000000000001 0.7604166666666667 0.4045000000000001 0.8309166666666667 0.4536250000000003 0.9182500000000003
1 0.5560202205882353 0.8126838235294118 0.5232077205882353 0.7397671568627451 0.48414522058823534 0.7710171568627451 0.5169577205882353 0.8439338235294118
1 0.44660958703790354 0.6390003509592889 0.4131924134300421 0.5836891670566214 0.3525203263921385 0.6488554827639994 0.3859374999999999 0.7041666666666668
