2 0.4296875 0.5041666666666668 0.3742187500000001 0.4302083333333334 0.3046875 0.5229166666666667 0.3601562499999999 0.596875
2 0.41882137030995104 0.6470806144643829 0.37050876835236535 0.5862425231103862 0.3140038743882544 0.6660141381185427 0.3623164763458401 0.7268522294725396
2 0.5525595817120623 0.7370622568093387 0.4624817607003894 0.7295557717250325 0.455423151750973 0.8801394293125812 0.545500972762646 0.8876459143968873
0 0.5125485751295337 0.35100388601036286 0.47044203367875637 0.2547603626943006 0.4016596502590673 0.3082577720207255 0.44376619170984455 0.40450129533678775
0 0.4863750000000001 0.5561666666666668 0.42337500000000006 0.4931666666666669 0.3654375 0.596166666666667 0.4284375000000001 0.659166666666667
0 0.37187500000000007 0.4479166666666669 0.3486877066603685 0.4197281924106442 0.29741305503070387 0.49471047866477746 0.3206003483703354 0.5228989529208001
0 0.7532763472032741 0.5454325829922695 0.6923548345839017 0.4754078558435655 0.6224899812414733 0.5834654956798547 0.6834114938608458 0.6534902228285587
0 0.6443933823529411 0.5284313725490197 0.5881433823529412 0.44093137254901976 0.5388602941176469 0.4972549019607845 0.5951102941176468 0.5847549019607844
7 0.6624999999999999 0.4166666666666669 0.5999999999999998 0.3333333333333336 0.5335937499999999 0.4218750000000002 0.5960937499999999 0.5052083333333336
7 0.525360576923077 0.5940705128205129 0.5145432692307693 0.5219551282051283 0.46015625 0.5364583333333336 0.47097355769230764 0.6085737179487182
7 0.36883296460176995 0.5962573746312686 0.30756360619469036 0.5028945427728615 0.24650165929203544 0.5741334808259588 0.3077710176991151 0.6674963126843659
7 0.684898843930636 0.6503733140655111 0.6406656430635839 0.6071230732177267 0.5909411127167631 0.6975313102119464 0.6351743135838153 0.7407815510597308
7 0.7932817468203497 0.47917494700582947 0.7498199026232115 0.4298108770535242 0.7042838334658187 0.5010847244303129 0.747745677662957 0.5504487943826181
1 0.5578125 0.5958333333333333 0.459375 0.5958333333333333 0.459375 0.7270833333333333 0.5578125 0.7270833333333333
1 0.49503378378378377 0.73097972972973 0.4438429054054054 0.6813400900900902 0.3964104729729729 0.7682995495495495 0.44760135135135126 0.8179391891891893
1 0.5719471153846155 0.8341025641025644 0.5529086538461538 0.8143589743589745 0.50890625 0.8897916666666669 0.5279447115384616 0.9095352564102567
1 0.48220756880733956 0.41870030581039785 0.3936496559633029 0.39816513761467914 0.3807482798165139 0.4970756880733947 0.4693061926605505 0.5176108562691134
1 0.5296875000000001 0.43124999999999986 0.5056326219512195 0.3617581300813009 0.4517301829268292 0.39492886178861814 0.47578506097560974 0.4644207317073171
1 0.734375 0.37083333333333357 0.646875 0.37083333333333357 0.646875 0.49375000000000024 0.734375 0.49375000000000024
1 0.6079350961538461 0.3469326923076924 0.584903846153846 0.28272435897435894 0.541170673076923 0.31061217948717945 0.5642019230769231 0.3748205128205129
1 0.6875 0.4979166666666668 0.6643170926517572 0.46443024494142715 0.6144119408945687 0.5258519701810437 0.6375948482428115 0.5593383919062833
3 0.5882774390243901 0.4576626016260164 0.522686444652908 0.23672451532207633 0.47616674484052524 0.26127657911194496 0.5417577392120074 0.48221466541588504
3 0.6669138270261219 0.5725727003795492 0.6165224171131948 0.526287257200268 0.5186903466175484 0.7156396517079707 0.5690817565304755 0.7619250948872518
5 0.6050107758620689 0.5594109195402299 0.5446874999999999 0.4879166666666667 0.49787715517241365 0.5581321839080461 0.5582004310344827 0.6296264367816093
5 0.6324403183023872 0.7349613174182141 0.5858537798408487 0.6856343943412909 0.5316702586206895 0.776609195402299 0.5782567970822281 0.8259361184792222
5 0.5591875 0.48300000000000026 0.5188750000000001 0.4113333333333335 0.46037499999999987 0.46983333333333355 0.5006874999999998 0.5415000000000003
5 0.4445440573770492 0.6866461748633881 0.4070440573770492 0.6449795081967215 0.3670850409836066 0.7089139344262296 0.4045850409836066 0.7505806010928963
5 0.465625 0.61875 0.428125 0.61875 0.428125 0.6895833333333333 0.465625 0.6895833333333333
