2 0.8324789325842697 0.2880383895131089 0.7337570224719103 0.2075983146067418 0.6568960674157304 0.3752949438202249 0.7556179775280898 0.45573501872659195
2 0.53360435520362 0.6295437405731527 0.3927531108597285 0.5624717194570137 0.34867081447963805 0.7270456259426848 0.4895220588235295 0.7941176470588237
2 0.6429206730769232 0.7171955128205129 0.5785576923076923 0.6504487179487178 0.5274038461538462 0.7381410256410257 0.5917668269230771 0.8048878205128207
0 0.5989509208874008 0.7888499372122232 0.4954727396400168 0.7067243965396961 0.4148296881540393 0.8873648318682854 0.5183078694014233 0.9694903725408125
0 0.4789386350177657 0.7813108632714835 0.3687678888669562 0.7250534609817084 0.3311050384919069 0.8561759771022505 0.4412757846427164 0.9124333793920255
0 0.3274001288659793 0.6712628865979382 0.2788820876288659 0.5257087628865978 0.16029317010309274 0.5959836769759449 0.20881121134020614 0.7415378006872851
0 0.604933286516854 0.6596910112359553 0.5317240168539324 0.5035112359550563 0.4442240168539325 0.576427902621723 0.5174332865168539 0.732607677902622
0 0.5913254310344827 0.09454022988505759 0.48168103448275845 0.036063218390804716 0.4369612068965516 0.18512931034482769 0.5466056034482758 0.24360632183908057
0 0.48836271270818254 0.4491288015930486 0.4539028557204925 0.33063525826695633 0.3913389301230992 0.3629812334057447 0.42579878711078933 0.48147477673183686
0 0.3453125 0.40416666666666673 0.3093750000000001 0.3562500000000002 0.2882812500000001 0.38437500000000024 0.32421875 0.4322916666666668
7 0.4745298267729344 0.2260267566688354 0.4622793998048148 0.09768895033615269 0.40871523259596615 0.1067786271958361 0.4209656595640858 0.23511643352851883
7 0.6688672680412373 0.18189347079037835 0.5825786082474227 0.1555274914089349 0.5626552835051546 0.2714450171821308 0.6489439432989692 0.29781099656357424
7 0.5727896024146545 0.5535040244240909 0.570804928184846 0.42383864140993616 0.45937174750208154 0.4268708368026644 0.46135642173189 0.556536219816819
7 0.4442989864864866 0.32269144144144163 0.3440540540540541 0.2254842342342344 0.28135135135135136 0.34043918918918936 0.38159628378378385 0.43764639639639663
3 0.41748985664051935 0.45612951943016894 0.38014437381660804 0.3589509512217114 0.1268098289153367 0.5320279956721666 0.16415531173924802 0.6292065638806241
3 0.706528846153846 0.3254423076923078 0.47438942307692294 0.19159615384615397 0.44717403846153836 0.27551025641025656 0.6793134615384615 0.4093564102564104
1 0.4505306603773585 0.18919025157232724 0.34652122641509436 0.1495676100628932 0.323938679245283 0.25495283018867926 0.4279481132075472 0.2945754716981133
1 0.37812500000000016 0.5145833333333333 0.29687500000000017 0.5145833333333333 0.29687500000000017 0.6645833333333333 0.37812500000000016 0.6645833333333333
1 0.44231039325842725 0.5784878277153562 0.3736306179775283 0.5212546816479403 0.30481039325842707 0.6680711610486892 0.37349016853932604 0.7253043071161052
1 0.3825083456973294 0.7266864490603364 0.3302346068249258 0.6795375865479724 0.2905220697329377 0.7578115727002966 0.34279580860534137 0.8049604352126607
1 0.6872644230769233 0.3595705128205131 0.5608269230769231 0.30007051282051295 0.5170096153846153 0.46560256410256423 0.6434471153846155 0.5251025641025644
1 0.7576035475482915 0.44740898959881176 0.6840197808320951 0.39622028231797934 0.6280205237741455 0.5393294947994057 0.7016042904903419 0.5905182020802382
1 0.4988437499999999 0.31837499999999996 0.4883749999999999 0.22066666666666665 0.42515624999999996 0.23270833333333332 0.43562500000000004 0.33041666666666664
5 0.5718750000000001 0.38958333333333345 0.5367857741286864 0.2832523458445041 0.43106568364611253 0.345274798927614 0.4661549095174262 0.45160578641644344
5 0.748012540266912 0.25012847062432914 0.7032429245283017 0.16611635220125798 0.6262166359871143 0.23908862555606702 0.6709862517257246 0.3231007439791382
5 0.4769230769230769 0.5100961538461539 0.42836538461538465 0.4129807692307692 0.3465144230769231 0.4857371794871794 0.3950721153846154 0.5828525641025641
5 0.646875 0.49583333333333357 0.55625 0.49583333333333357 0.55625 0.6083333333333333 0.646875 0.6083333333333333
5 0.6953098336177475 0.6181989476678046 0.6422168302047784 0.5623115756541528 0.586422781569966 0.6565415244596137 0.6395157849829352 0.7124288964732653
