3 0.6027587090163936 0.5487056010928965 0.5004482581967216 0.464258879781421 0.33948002049180326 0.8109596994535522 0.4417904713114753 0.8954064207650276
3 0.8189647918511958 0.6410532919988193 0.6462314548272808 0.4795707853557723 0.5923195305580158 0.5820918216710959 0.7650528675819307 0.7435743283141428
2 0.8373750000000003 0.7865833333333334 0.7689375000000002 0.6649166666666666 0.6661875000000002 0.7676666666666667 0.7346250000000002 0.8893333333333335
7 0.6519228082326636 0.34718044326500125 0.6328765625000001 0.31917916666666674 0.5846771917673366 0.37746330673499895 0.6037234375 0.4054645833333334
0 0.729568684831562 0.44308897157123855 0.6607573951708293 0.34440216756285247 0.5944283517071398 0.4266229907428896 0.6632396413678725 0.5253097947512757
7 0.6486661585365854 0.5298272357723576 0.5899352134146343 0.40880589430894315 0.4961890243902439 0.4896849593495936 0.5549199695121951 0.6107063008130081
7 0.776719674556213 0.504252958579882 0.7318860946745562 0.4356188362919132 0.6724140162721893 0.5046831854043393 0.717247596153846 0.573317307692308
7 0.6751250000000003 0.8511666666666672 0.5981250000000001 0.7741666666666671 0.5585625000000001 0.8445000000000005 0.6355625000000004 0.9215000000000005
7 0.6250070701357465 0.948359728506788 0.5831872171945701 0.7922322775263952 0.45668834841628947 0.8524698340874811 0.498508201357466 1.008597285067874
1 0.7321694752803847 0.6895757038223853 0.6280091268024721 0.6454866674296179 0.5893489642938887 0.8078593499656674 0.6935093127718013 0.8519483863584348
1 0.9017470694319204 0.6871167718665468 0.8450546663660955 0.6012191914637816 0.7795043394950405 0.6781315749924859 0.8361967425608654 0.7640291553952512
1 0.7387433194774348 0.8876583531274743 0.6898641627078386 0.8268309580364213 0.6148344714964371 0.9340162311955661 0.6637136282660333 0.9948436262866192
1 0.531814024390244 0.7990650406504066 0.4662195121951219 0.7586991869918701 0.4069512195121952 0.9299186991869919 0.4725457317073172 0.9702845528455285
1 0.501503537735849 0.6122248427672956 0.4655365566037736 0.5714622641509435 0.4109080188679245 0.6571540880503146 0.446875 0.6979166666666667
1 0.44375 0.7000000000000003 0.4280069104268719 0.6726207137858644 0.3811319104268719 0.7205373804525311 0.396875 0.7479166666666669
1 0.6072166562304322 0.44086959924859115 0.5955595452410771 0.37511153725735746 0.507092889010645 0.40299193800876637 0.51875 0.46875
5 0.6669485294117645 0.6462254901960787 0.6191452205882351 0.5460661764705885 0.5330055147058823 0.6191544117647061 0.5808088235294118 0.7193137254901962
5 0.8327540280665279 0.5878335065835067 0.7685323544698542 0.49649601524601544 0.6949876559251558 0.5884268884268885 0.7592093295218294 0.6797643797643799
5 0.6064342485549135 0.7186801541425821 0.5262680635838152 0.6843232177263971 0.49827312138728336 0.8004503853564551 0.5784393063583816 0.8348073217726399
