2 0.88125 0.7437500000000005 0.7625 0.7437500000000005 0.7625 0.8750000000000004 0.88125 0.8750000000000004
5 0.5609375 0.8041666666666667 0.46875 0.8041666666666667 0.46875 0.9208333333333333 0.5609375 0.9208333333333333
5 0.8131250000000003 0.7004166666666669 0.738125 0.6504166666666668 0.7081250000000001 0.7304166666666668 0.7831250000000003 0.780416666666667
5 0.6687500000000003 0.7645833333333337 0.6132812500000002 0.6906250000000003 0.55078125 0.7739583333333339 0.6062500000000001 0.8479166666666672
5 0.7193135554885405 0.9160962002412546 0.6454218184559711 0.8796064535585042 0.620410509650181 0.9696471652593488 0.6943022466827503 1.0061369119420993
5 0.7421875000000003 0.9750000000000001 0.6843750000000003 0.975 0.6843750000000002 0.9979166666666669 0.7421875000000002 0.997916666666667
7 0.59296875 0.5510416666666668 0.5351562500000001 0.4739583333333334 0.4828125 0.5437500000000003 0.540625 0.6208333333333336
7 0.7428124999999999 0.6525000000000002 0.6571874999999999 0.5954166666666669 0.6271875 0.675416666666667 0.7128124999999998 0.7325000000000003
7 0.5511497641509434 0.7331761006289311 0.49933667452830194 0.6088246855345912 0.4161556603773584 0.670440251572327 0.46796874999999993 0.7947916666666669
7 0.643964325221239 0.8248801622418878 0.5515625 0.8166666666666665 0.5454300331858407 0.9393160029498527 0.6378318584070797 0.9475294985250738
0 0.690625 0.5833333333333337 0.615625 0.48333333333333356 0.55 0.5708333333333335 0.6250000000000001 0.6708333333333337
0 0.45377892493356964 0.7621041851195749 0.4411315323294952 0.6488799084735754 0.3733205546944198 0.662345918216711 0.3859679472984942 0.7755701948627104
0 0.5940745192307693 0.7213301282051283 0.5109134615384617 0.6910897435897437 0.48798076923076944 0.8032051282051283 0.571141826923077 0.8334455128205129
0 0.6721754807692307 0.9438301282051282 0.5685096153846154 0.9161858974358974 0.5591346153846154 0.9786858974358975 0.6628004807692307 1.0063301282051282
0 0.41718750000000027 0.8875 0.29687500000000017 0.8875 0.29687500000000017 0.9979166666666667 0.4171875000000004 0.9979166666666667
1 0.40064282627484876 0.7793521319504466 0.38832581568712193 0.7358803298761164 0.2981714563526362 0.7812914145779316 0.31048846694036303 0.8247632166522617
1 0.5296875 0.54375 0.4296875 0.54375 0.4296875 0.65 0.5296875 0.65
1 0.5969844745222929 0.6999203821656053 0.5546476910828025 0.5964304670912953 0.5081210191082801 0.6302680467091297 0.5504578025477705 0.7337579617834397
1 0.7740865384615386 0.8094230769230771 0.675144230769231 0.734038461538462 0.6231250000000002 0.8554166666666672 0.7220673076923079 0.9308012820512824
1 0.001329976156135583 0.0018376164336587877 0.001184109462780899 0.0017464497503121101 0.0010874549358587994 0.002021378182446082 0.0012333216292134833 0.0021125448657927596
1 0.5578125000000003 0.9229166666666667 0.4468750000000001 0.9229166666666667 0.4468750000000002 0.9979166666666667 0.5578125000000004 0.9979166666666667
1 0.4852618243243244 0.9883445945945948 0.4675675675675676 0.8467905405405406 0.3872466216216216 0.8646396396396396 0.40494087837837844 1.0061936936936937
3 0.5008867737968626 0.8160598355933705 0.47843243153416654 0.7378318044846227 0.20759002758574846 0.8760394509438977 0.2300443698484446 0.9542674820526454
3 0.7661167386799524 0.7719905978572377 0.5600229129006659 0.5873305299589968 0.521494519090869 0.6637757557720857 0.7275883448701557 0.8484358236703265
2 0.6296875000000004 0.975 0.5515625000000004 0.975 0.5515625000000004 0.9979166666666667 0.6296875000000004 0.9979166666666667
