3 0.5020937031228692 0.3561931792354199 0.455885210691395 0.2892705350243193 0.2500430417291694 0.5419445202054639 0.29625153416064365 0.6088671644165645
3 0.8162441037735846 0.47684748427672974 0.7771521226415091 0.29441823899371067 0.4601709905660375 0.41517295597484283 0.49926297169811307 0.5976022012578619
3 0.7519245906801008 0.4970822837951303 0.6426715994962217 0.45108102434928654 0.5642474811083125 0.7822050797649036 0.6735004722921916 0.8282063392107475
2 0.9632855662983427 0.6803176795580107 0.8604713397790057 0.5569406077348062 0.7854195441988951 0.6681284530386739 0.8882337707182323 0.7915055248618782
7 0.6926470588235296 0.25661764705882356 0.6714154411764708 0.14338235294117643 0.5629595588235294 0.17953431372549022 0.5841911764705883 0.2927696078431374
7 0.7046875 0.26250000000000023 0.5953125 0.26250000000000023 0.5953125 0.41250000000000026 0.7046875 0.41250000000000026
0 0.6012258902077152 0.2623256676557866 0.5108540430267062 0.25644782393669646 0.5055554525222552 0.4012759643916915 0.5959272997032641 0.4071538081107816
0 0.5426874999999999 0.3942500000000001 0.4894374999999999 0.34100000000000014 0.42362500000000003 0.45800000000000013 0.476875 0.5112500000000001
0 0.7490771812080537 0.3166387024608503 0.7221266778523491 0.29148489932885924 0.6641359060402684 0.4019435123042508 0.6910864093959731 0.4270973154362418
5 0.6630842220828105 0.4237269970723548 0.5953419071518191 0.3855133835215393 0.5811951066499371 0.4300972396486828 0.6489374215809285 0.4683108531994983
0 0.8871134020618557 0.4469931271477666 0.7778028350515462 0.382216494845361 0.7297358247422678 0.5264175257731961 0.8390463917525774 0.5911941580756017
1 0.45796460176991144 0.5219579646017699 0.41682798672566373 0.4592735988200591 0.34005807522123893 0.5488384955752215 0.3811946902654867 0.6115228613569322
1 0.38781957013574664 0.5746097285067874 0.2986467760180996 0.5601979638009049 0.28516261312217195 0.7085237556561085 0.37433540723981906 0.7229355203619909
0 0.5052322247706423 0.5906345565749239 0.4015911697247708 0.5491781345565752 0.3733371559633029 0.674751529051988 0.4769782110091745 0.7162079510703366
1 0.6120658783783783 0.6042770270270271 0.5317212837837838 0.5020202702702704 0.4535388513513513 0.6112274774774777 0.5338834459459457 0.7134842342342345
1 0.5424844049904031 0.5194697696737047 0.5169835652591169 0.45764955214331426 0.4828544865642993 0.4826775431861806 0.5083553262955853 0.5444977607165711
5 0.5635166952054794 0.7863156392694067 0.5261130136986301 0.6765981735159821 0.4480629280821917 0.7239012557077628 0.48546660958904103 0.8336187214611874
1 0.466098699095023 0.6846530920060335 0.34746889140271503 0.6771210407239822 0.34154765271493226 0.842915723981901 0.46017746040724006 0.8504477752639522
1 0.8109375000000002 0.5437500000000004 0.6875 0.5437500000000003 0.6874999999999999 0.6937500000000002 0.8109375 0.6937500000000003
1 0.8631204521829521 0.7639379764379771 0.795829002079002 0.6682345807345814 0.736733367983368 0.7421041233541239 0.804024818087318 0.8378075190575196
0 0.777530276816609 0.8134659746251441 0.676157006920415 0.7413783160322952 0.6211829584775085 0.8788134371395618 0.7225562283737025 0.9509010957324108
0 0.5500000000000002 1 0.55 0.8249999999999997 0.44843749999999993 0.825 0.4484375000000001 1.0000000000000002
0 0.6453125000000003 0.9604166666666667 0.534375 0.9604166666666667 0.534375 0.9979166666666667 0.6453125000000004 0.9979166666666667
1 0.6484375 0.7854166666666667 0.5203125 0.7854166666666667 0.5203125 0.9645833333333333 0.6484375 0.9645833333333333
5 0.7495192307692308 0.6886217948717952 0.6822115384615384 0.6706730769230772 0.6701322115384615 0.7512019230769232 0.7374399038461539 0.7691506410256413
7 0.6375 0.6 0.5578125 0.6 0.5578125 0.75 0.6375 0.75
