5 0.7703125 0.42500000000000016 0.6921875 0.3208333333333335 0.615625 0.42291666666666683 0.69375 0.5270833333333335
5 0.5610630478451423 0.4199978694911129 0.5136932752008764 0.29093240199659126 0.3980117786705624 0.366412527392257 0.44538155131482837 0.49547799488677857
5 0.4160021551724138 0.48563218390804613 0.31021012931034486 0.4251795977011495 0.2807112068965517 0.5169540229885058 0.3865032327586207 0.5774066091954025
3 0.43629059163701084 0.3853684756820878 0.357845862989324 0.18569098457888475 0.038712188612099595 0.40857799525504135 0.11715691725978647 0.6082554863582444
3 0.6659251924230306 0.4914455051312809 0.5367546731307475 0.3121884579501535 0.4941867003198719 0.3667199786751968 0.6233572196121548 0.5459770258563241
0 0.6666482300884956 0.2892146017699117 0.596535007808433 0.15459721499219162 0.4947228006246747 0.24886777719937533 0.5648360229047372 0.3834851639770954
0 0.18254861970306221 0.4943969739148367 0.08691859341169197 0.40758390040210346 0.010998395453139565 0.5562609547376017 0.10662842174450982 0.6430740282503351
0 0.409604756710028 0.7059587518524617 0.3861495039519184 0.5052860338108568 0.20220391486909262 0.5435084938800154 0.2256591676272023 0.7441812119216203
0 0.23780215102168642 0.8123453769670399 0.23603499569404218 0.6792196756178396 0.04887017536992093 0.683636544534043 0.050637330697565174 0.8167622458832433
0 0.48573646611143034 0.5133520007658436 0.4111295591614016 0.41719198736358437 0.3589720347501436 0.4891334003446298 0.4335789417001724 0.585293413746889
7 0.35352354719188767 0.29537669006760264 0.3290805382215289 0.2503705148205928 0.2545729329173167 0.3223088923556942 0.2790159418876755 0.3673150676027041
7 0.5318519467213114 0.325495218579235 0.5213370901639344 0.1712773224043716 0.3986296106557377 0.18615095628415299 0.4091444672131147 0.34036885245901644
7 0.6734374999999998 0.34791666666666693 0.6121172098853866 0.3017042741165236 0.5714922098853866 0.397537607449857 0.6328124999999998 0.4437500000000003
7 0.5093136204851043 0.6092829993848318 0.41448268191405235 0.529041435978557 0.3357319404165568 0.6944975393268301 0.43056287898760875 0.7747391027331051
7 0.25052943889134144 0.879604827520969 0.2014448469130353 0.7246711494397847 -0.0040030625275904175 0.8403831903891026 0.04508152945071573 0.9953168684702868
2 0.7468750000000002 0.5770833333333333 0.705552717138876 0.4656928317076945 0.552654000232234 0.5665292614955874 0.5939762830933581 0.6779197631212263
2 0.41030701242294043 0.7854505261846939 0.37248943349523617 0.668615729497478 0.21180923664300386 0.7610773164580611 0.24962681557070812 0.877912113145277
1 0.2737919388361045 0.3762049683293745 0.2725560421615202 0.3284169635787807 0.16282660332541565 0.3334619952494062 0.16406249999999997 0.38125
1 0.15156250000000004 0.6770833333333334 0.13598109583501822 0.6003748820595766 0.060981095835018165 0.6274582153929099 0.0765625 0.7041666666666667
1 0.278414120947631 0.5172932252701581 0.175051433915212 0.45678823773898597 0.11080579800498754 0.6519046134663341 0.21416848503740651 0.7124096009975064
1 0.5927831064356436 0.6839830858085811 0.5650293935643564 0.6014335808580858 0.42662438118811874 0.6841584158415844 0.45437809405940593 0.7667079207920796
1 0.6243608793561726 0.4731904656428434 0.4838050981984643 0.40844962098838367 0.4331627473419964 0.6039113260484349 0.5737185284997046 0.6686521707028947
1 0.8192395477815697 0.5429934584755404 0.7983308447098975 0.465792093287827 0.715856441979522 0.5055019908987486 0.7367651450511944 0.5827033560864618
1 0.428125 0.19166666666666685 0.3966325431034482 0.17367097701149437 0.3685075431034482 0.26117097701149433 0.39999999999999997 0.2791666666666668
