3 0.47452098540145987 0.286785279805353 0.4378421532846716 0.1522962287104624 0.2071281934306569 0.2641575425790755 0.2438070255474452 0.3986465936739661
3 0.8087853773584909 0.3360849056603776 0.4418632075471699 0.196305031446541 0.4058962264150944 0.3641509433962266 0.7728183962264153 0.5039308176100632
7 0.7376562499999999 0.2702083333333336 0.6218749999999997 0.21875000000000025 0.6004687499999999 0.3043750000000002 0.71625 0.3558333333333335
7 0.765625 0.2895833333333336 0.6953124999999998 0.19583333333333344 0.6648437499999998 0.23645833333333346 0.73515625 0.33020833333333355
0 0.611943493150685 0.26586757990867593 0.5675941780821917 0.24369292237442935 0.5564212328767122 0.28341894977168963 0.6007705479452055 0.3055936073059362
0 0.8671875 0.41875000000000023 0.7 0.41875000000000023 0.7 0.6020833333333336 0.8671875 0.6020833333333339
0 0.5718120805369129 0.8432746085011186 0.5417208473154365 0.6159186241610736 0.38386115771812085 0.6530620805369124 0.41395239093959724 0.8804180648769574
1 0.33359375 0.47604166666666686 0.22578125 0.33229166666666665 0.12734374999999998 0.4635416666666667 0.23515625 0.6072916666666669
1 0.41763678115015973 0.35247603833865815 0.35442791533546314 0.27468051118210873 0.2830221645367411 0.37782215122470725 0.34623103035143765 0.4556176783812568
1 0.5221232246186218 0.42215062247939694 0.4218676025775908 0.3228498158863756 0.33762575618095736 0.47405312993161497 0.43788137822198847 0.5733539365246363
1 0.44342672413793116 0.5718390804597704 0.2897359913793104 0.48401580459770116 0.22039331896551725 0.6997485632183909 0.37408405172413806 0.78757183908046
1 0.7608060024752475 0.6097050330033006 0.6516398514851484 0.4906146864686469 0.5616955445544553 0.6371905940594061 0.6708616955445544 0.7562809405940597
1 0.7397863401625464 0.8021792809572187 0.7253539832373856 0.7171887346201603 0.600588384693532 0.7548538209730217 0.6150207416186928 0.83984436731008
3 0.7026274715182034 0.5378960964803654 0.6682374437587714 0.38607049244613223 0.41208218958969683 0.48922025922562534 0.4464722173491289 0.6410458632598586
2 0.8827068136604774 0.7671557250221045 0.8560987234748012 0.5755774756852344 0.6937831564986736 0.6156553934571175 0.72039124668435 0.8072336427939876
0 0.2775887024940618 0.716570170229612 0.2390788301662708 0.6043685669041963 0.13265810570071257 0.6693032462391133 0.1711679780285036 0.781504849564529
0 0.3749999999999999 0.5125 0.36500311400937857 0.40320071316920664 0.2912899325908557 0.41518659632668997 0.3012868185814771 0.5244858831574833
0 0.5225961538461539 0.3076923076923079 0.4225360576923077 0.2810096153846155 0.4097956730769231 0.36594551282051296 0.5098557692307693 0.39262820512820534
7 0.34176682692307697 0.8951121794871796 0.31328125000000007 0.7052083333333333 0.12668269230769233 0.7549679487179487 0.15516826923076923 0.9448717948717948
2 0.43344337365123575 0.8784893839192481 0.42374967368604255 0.7928617008933749 0.3109886225200139 0.8155557489267894 0.32068232248520706 0.9011834319526627
7 0.5725793134507609 0.5818855084067257 0.5062862790232185 0.5404523618895117 0.4765624999999999 0.6250000000000002 0.5428555344275422 0.6664331465172142
5 0.6296875 0.6645833333333333 0.5421875 0.6645833333333333 0.5421875 0.8479166666666667 0.6296875 0.8479166666666667
