-0.93201538 -0.25097084 -0.26145932 -0.52864600
-0.26436244 0.96427761 0.01676857 0.08609770
0.24791095 0.08474859 -0.96506883 0.29545100
0.00000000 0.00000000 0.00000000 1.00000000

-0.94450466 0.08761090 -0.31659956 -0.53860600
0.07200757 0.99555677 0.06067643 0.09957170
0.32050875 0.03451161 -0.94661665 0.30735100
0.00000000 0.00000000 0.00000000 1.00000000

-0.85366110 0.51853251 -0.04885453 -0.45422500
0.48784592 0.82892508 0.27365959 0.15594800
0.18239814 0.20977907 -0.96058506 0.32882900
0.00000000 0.00000000 0.00000000 1.00000000

-0.58156175 0.81233762 -0.04351474 -0.45431600
0.77487913 0.56944374 0.27440147 0.15515600
0.24768583 0.12586274 -0.96063016 0.32922500
0.00000000 0.00000000 0.00000000 1.00000000

-0.13904879 0.98932736 -0.04355241 -0.45687900
0.95050099 0.14567403 0.27445753 0.15494700
0.27787280 -0.00323362 -0.96061244 0.32926500
0.00000000 0.00000000 0.00000000 1.00000000

0.53114338 0.84615813 -0.04362483 -0.46011300
0.82076186 -0.50105491 0.27439742 0.15663400
0.21032517 -0.18154997 -0.96062632 0.32991700
0.00000000 0.00000000 0.00000000 1.00000000

-0.32244322 -0.89228592 -0.31600032 -0.54708100
-0.93469967 0.35287144 -0.04264124 0.05747150
0.14955566 0.28161601 -0.94780036 0.30194400
0.00000000 0.00000000 0.00000000 1.00000000

0.26720060 -0.91033031 -0.31607367 -0.55009800
-0.96254681 -0.26775764 -0.04253814 0.05866610
-0.04590738 0.31560192 -0.94778053 0.30289600
0.00000000 0.00000000 0.00000000 1.00000000

0.55805658 -0.82604518 -0.07888101 -0.51103300
-0.82961567 -0.55338483 -0.07418268 0.04267880
0.01762669 0.10683905 -0.99412007 0.25881700
0.00000000 0.00000000 0.00000000 1.00000000

-0.18739814 -0.96369609 -0.19018883 -0.58463600
-0.97932581 0.16828300 0.11225772 0.04959050
-0.07617677 0.20729372 -0.97530837 0.20168400
0.00000000 0.00000000 0.00000000 1.00000000

-0.60524987 -0.77297405 -0.19022016 -0.58280700
-0.79559723 0.59532074 0.11233104 0.04800280
0.02641303 0.21932698 -0.97529382 0.20113100
0.00000000 0.00000000 0.00000000 1.00000000

-0.91786427 -0.22140339 -0.32940205 -0.51625700
-0.29463019 0.93617918 0.19173314 0.11338600
0.26592898 0.27303679 -0.92451754 0.25483200
0.00000000 0.00000000 0.00000000 1.00000000

-0.79752337 -0.54004250 -0.26890625 -0.53312700
-0.54005871 0.83774639 -0.08073151 0.14674900
0.26887368 0.08083990 -0.95977698 0.15396800
0.00000000 0.00000000 0.00000000 1.00000000

-0.87216426 -0.39660701 -0.28641296 -0.50815100
-0.35605472 0.91610410 -0.18433210 0.17671400
0.33549148 -0.05878918 -0.94020705 0.16166400
0.00000000 0.00000000 0.00000000 1.00000000

-0.89712973 0.31689961 -0.30778707 -0.47244400
0.37143917 0.91826236 -0.13721220 0.25756500
0.23914679 -0.23742132 -0.94150939 0.15837200
0.00000000 0.00000000 0.00000000 1.00000000

-0.65035125 0.70999430 -0.27009506 -0.46071200
0.75772382 0.63152184 -0.16442256 0.24648600
0.05383185 -0.31158988 -0.94869061 0.16276800
0.00000000 0.00000000 0.00000000 1.00000000

-0.65030825 0.71002367 -0.27012139 -0.46072200
0.75775756 0.63149595 -0.16436653 0.24652300
0.05387644 -0.31157544 -0.94869282 0.16275200
0.00000000 0.00000000 0.00000000 1.00000000

0.00082546 0.98036218 -0.19720372 -0.40210800
0.99829535 -0.01231639 -0.05705002 0.19549600
-0.05835852 -0.19682046 -0.97870117 0.18132900
0.00000000 0.00000000 0.00000000 1.00000000

0.59437745 0.78332045 -0.18200143 -0.36317600
0.79440049 -0.60710913 -0.01861119 0.09642350
-0.12507325 -0.13351995 -0.98312212 0.18150200
0.00000000 0.00000000 0.00000000 1.00000000

0.94640103 -0.06448589 -0.31649118 -0.45299300
-0.01721929 -0.98854692 0.14992829 0.05129060
-0.32253464 -0.13644253 -0.93667222 0.11231600
0.00000000 0.00000000 0.00000000 1.00000000

-0.66562263 -0.57552991 -0.47509139 -0.51837500
-0.72849798 0.36291156 0.58102143 -0.00030897
-0.16197906 0.73284413 -0.66083452 0.18846200
0.00000000 0.00000000 0.00000000 1.00000000

0.13807812 -0.93082691 -0.33837212 -0.58306600
-0.93753505 -0.23298795 0.25834984 0.01771250
-0.31931561 0.28156326 -0.90485340 0.20695700
0.00000000 0.00000000 0.00000000 1.00000000

-0.99016616 -0.13733180 0.02666355 -0.60406500
-0.13635153 0.99001904 0.03564498 0.15497200
-0.03129261 0.03165884 -0.99900875 0.16634000
0.00000000 0.00000000 0.00000000 1.00000000

-0.68011712 -0.00029350 -0.73310342 -0.40168600
-0.10364398 0.98999424 0.09575659 0.17792900
0.72574006 0.14110745 -0.67334245 0.33661800
0.00000000 0.00000000 0.00000000 1.00000000

0.37790497 0.92565506 -0.01872266 -0.40589300
0.87373046 -0.36324941 -0.32348872 0.30579100
-0.30623997 0.10588944 -0.94604678 0.26636500
0.00000000 0.00000000 0.00000000 1.00000000

