0 0.3953125 0.6833333333333333 0.3953125 0.7104166666666667 0.4296875 0.7083333333333334 0.4734375 0.7270833333333333 0.5140625 0.73125 0.534375 0.7541666666666667 0.5515625 0.7979166666666667 0.5578125 0.8333333333333334 0.5671875 0.84375 0.5734375 0.8375 0.5796875 0.8166666666666667 0.575 0.7916666666666666 0.578125 0.71875 0.5734375 0.7020833333333333 0.5546875 0.6770833333333334 0.5078125 0.65 0.4515625 0.6458333333333334 0.41875 0.6604166666666667
0 0.4828125 0.5375 0.5109375 0.55 0.51875 0.5229166666666667 0.5359375 0.50625 0.5484375 0.50625 0.5640625 0.51875 0.5703125 0.5 0.596875 0.475 0.5953125 0.46458333333333335 0.5890625 0.45208333333333334 0.578125 0.45 0.5625 0.475
2 0.6046875 0.4375 0.60625 0.4708333333333333 0.640625 0.5041666666666667 0.6734375 0.475 0.6765625 0.45 0.671875 0.42916666666666664 0.653125 0.40208333333333335 0.6375 0.39791666666666664 0.6203125 0.40625
2 0.69375 0.5895833333333333 0.7 0.6666666666666666 0.7265625 0.6791666666666667 0.740625 0.6541666666666667 0.7609375 0.6375 0.7625 0.6 0.7453125 0.56875 0.7171875 0.5625
2 0.6953125 0.6729166666666667 0.6671875 0.7125 0.671875 0.7270833333333333 0.6921875 0.7125 0.7234375 0.7104166666666667 0.7234375 0.68125 0.70625 0.66875
3 0.35625 0.5770833333333333 0.3546875 0.59375 0.36875 0.6270833333333333 0.396875 0.6020833333333333 0.425 0.6020833333333333 0.428125 0.5875 0.4265625 0.5708333333333333 0.396875 0.5375 0.371875 0.5479166666666667
3 0.4390625 0.58125 0.4375 0.6104166666666667 0.4453125 0.6354166666666666 0.459375 0.64375 0.5 0.64375 0.5203125 0.6020833333333333 0.5109375 0.55625 0.490625 0.5458333333333333 0.4609375 0.55
3 0.478125 0.4791666666666667 0.4859375 0.53125 0.521875 0.5104166666666666 0.5375 0.49166666666666664 0.5359375 0.48125 0.5125 0.4583333333333333 0.496875 0.46041666666666664
3 0.5890625 0.60625 0.5875 0.6208333333333333 0.609375 0.6416666666666667 0.6203125 0.6145833333333334 0.6546875 0.58125 0.6296875 0.5708333333333333 0.5984375 0.5875
3 0.728125 0.68125 0.728125 0.7125 0.7578125 0.7645833333333333 0.7859375 0.7541666666666667 0.81875 0.725 0.81875 0.6979166666666666 0.809375 0.6708333333333333 0.7796875 0.6395833333333333 0.75625 0.64375 0.7390625 0.6583333333333333
1 0.665625 0.7583333333333333 0.6640625 0.7833333333333333 0.684375 0.81875 0.728125 0.7958333333333333 0.7515625 0.7729166666666667 0.740625 0.7354166666666667 0.7203125 0.7125 0.68125 0.7229166666666667
1 0.6125 0.6354166666666666 0.6140625 0.6791666666666667 0.6578125 0.7083333333333334 0.678125 0.7 0.69375 0.6770833333333334 0.6984375 0.65625 0.69375 0.6166666666666667 0.6640625 0.5854166666666667 0.63125 0.6020833333333333
1 0.403125 0.5083333333333333 0.4015625 0.5354166666666667 0.43125 0.5708333333333333 0.4421875 0.56875 0.48125 0.53125 0.4734375 0.48541666666666666 0.4515625 0.46875 0.421875 0.4791666666666667
1 0.3953125 0.7354166666666667 0.396875 0.775 0.4203125 0.8145833333333333 0.453125 0.7791666666666667 0.475 0.76875 0.475 0.7333333333333333 0.4515625 0.71875 0.4109375 0.7125 0.4 0.7208333333333333
1 0.5109375 0.6333333333333333 0.5140625 0.65 0.5453125 0.6645833333333333 0.553125 0.6458333333333334 0.5796875 0.6229166666666667 0.5828125 0.6125 0.571875 0.5916666666666667 0.55 0.6041666666666666 0.5265625 0.6
1 0.5203125 0.8604166666666667 0.5203125 0.9 0.534375 0.9291666666666667 0.6046875 0.8791666666666667 0.5984375 0.8416666666666667 0.584375 0.8229166666666666 0.56875 0.8458333333333333 0.55 0.825 0.5421875 0.825 0.5265625 0.8416666666666667
4 0.51875 0.43333333333333335 0.5171875 0.45625 0.5390625 0.48541666666666666 0.56875 0.46875 0.578125 0.44583333333333336 0.578125 0.42083333333333334 0.5609375 0.40208333333333335 0.534375 0.4083333333333333
4 0.515625 0.5333333333333333 0.5140625 0.5604166666666667 0.528125 0.5958333333333333 0.5484375 0.6020833333333333 0.5640625 0.5875 0.571875 0.5583333333333333 0.5671875 0.5291666666666667 0.559375 0.5166666666666667 0.5375 0.5083333333333333
4 0.5546875 0.6458333333333334 0.5484375 0.6666666666666666 0.5765625 0.70625 0.60625 0.68125 0.60625 0.64375 0.5953125 0.625 0.5703125 0.6270833333333333
5 0.5828125 0.40625 0.5828125 0.43333333333333335 0.6015625 0.4625 0.6140625 0.4125 0.6375 0.39375 0.628125 0.38125 0.6125 0.37916666666666665
5 0.5671875 0.5125 0.5734375 0.5583333333333333 0.590625 0.58125 0.6265625 0.56875 0.6421875 0.5416666666666666 0.640625 0.5083333333333333 0.628125 0.4895833333333333 0.6109375 0.4791666666666667 0.584375 0.48541666666666666
5 0.6453125 0.5125 0.6453125 0.5583333333333333 0.65625 0.5770833333333333 0.678125 0.5833333333333334 0.7078125 0.5625 0.7140625 0.5229166666666667 0.6984375 0.49166666666666664 0.671875 0.48541666666666666
5 0.5828125 0.7083333333333334 0.5796875 0.7854166666666667 0.5875 0.7979166666666667 0.6 0.8104166666666667 0.6125 0.8104166666666667 0.640625 0.8020833333333334 0.653125 0.7895833333333333 0.665625 0.7479166666666667 0.665625 0.7291666666666666 0.6546875 0.7104166666666667 0.621875 0.6875 0.5984375 0.6916666666666667
5 0.6015625 0.8208333333333333 0.6 0.8416666666666667 0.6109375 0.875 0.6671875 0.8375 0.6640625 0.8229166666666666 0.6484375 0.8020833333333334 0.60625 0.8125
5 0.465625 0.925 0.465625 0.9625 0.4734375 0.9708333333333333 0.5265625 0.9375 0.5296875 0.9291666666666667 0.51875 0.8979166666666667 0.51875 0.8583333333333333 0.4828125 0.8895833333333333
5 0.425 0.8270833333333333 0.4328125 0.88125 0.446875 0.90625 0.459375 0.9125 0.490625 0.88125 0.50625 0.8541666666666666 0.50625 0.825 0.4890625 0.7854166666666667 0.4796875 0.7791666666666667 0.45 0.7854166666666667 0.43125 0.8083333333333333
5 0.4984375 0.7770833333333333 0.5 0.80625 0.5171875 0.84375 0.5484375 0.81875 0.5484375 0.7958333333333333 0.525 0.7479166666666667 0.515625 0.7458333333333333
5 0.365625 0.6416666666666667 0.36875 0.675 0.3859375 0.7041666666666667 0.396875 0.675 0.4421875 0.64375 0.434375 0.61875 0.421875 0.6041666666666666 0.3921875 0.60625