5 0.8203125 0.5833333333333334 0.81875 0.6020833333333333 0.8453125 0.6375 0.8703125 0.7104166666666667 0.8859375 0.725 0.9375 0.6979166666666666 0.990625 0.6541666666666667 0.990625 0.61875 0.9796875 0.5833333333333334 0.95625 0.54375 0.93125 0.5270833333333333 0.9078125 0.5208333333333334 0.8640625 0.5270833333333333 0.8453125 0.5416666666666666
5 0.58125 0.79375 0.584375 0.8645833333333334 0.596875 0.89375 0.61875 0.9166666666666666 0.64375 0.9083333333333333 0.7234375 0.84375 0.734375 0.8270833333333333 0.703125 0.7708333333333334 0.69375 0.7395833333333334 0.665625 0.7208333333333333 0.6390625 0.7208333333333333 0.6171875 0.73125 0.596875 0.75625
5 0.565625 0.575 0.5625 0.6229166666666667 0.571875 0.6520833333333333 0.603125 0.6979166666666666 0.6328125 0.7166666666666667 0.6875 0.7083333333333334 0.7015625 0.6416666666666667 0.7328125 0.6 0.73125 0.5791666666666667 0.7140625 0.5416666666666666 0.6890625 0.5145833333333333 0.6515625 0.4979166666666667 0.61875 0.5020833333333333 0.603125 0.5125 0.584375 0.5354166666666667
5 0.3046875 0.66875 0.3015625 0.68125 0.3125 0.71875 0.325 0.7354166666666667 0.36875 0.7541666666666667 0.3703125 0.7208333333333333 0.384375 0.6708333333333333 0.4046875 0.6479166666666667 0.440625 0.6291666666666667 0.4171875 0.5833333333333334 0.3984375 0.5729166666666666 0.3703125 0.5729166666666666 0.3515625 0.5791666666666667 0.3328125 0.5979166666666667
5 0.2953125 0.6875 0.2953125 0.725 0.3125 0.7583333333333333 0.3296875 0.7666666666666667 0.3609375 0.7541666666666667 0.3453125 0.7375 0.3234375 0.7333333333333333 0.3140625 0.7208333333333333 0.3046875 0.6708333333333333
5 0.25625 0.4583333333333333 0.259375 0.5041666666666667 0.34375 0.4625 0.3140625 0.4166666666666667 0.2921875 0.4166666666666667 0.2734375 0.4270833333333333
5 0.315625 0.36875 0.3171875 0.4166666666666667 0.3296875 0.44375 0.3484375 0.4625 0.3796875 0.4395833333333333 0.4171875 0.375 0.4 0.32708333333333334 0.3859375 0.3145833333333333 0.340625 0.32708333333333334
5 0.475 0.15625 0.471875 0.18541666666666667 0.4828125 0.2125 0.5109375 0.17083333333333334 0.528125 0.15833333333333333 0.5625 0.15416666666666667 0.59375 0.16875 0.5890625 0.14166666666666666 0.56875 0.11041666666666666 0.5390625 0.09791666666666667 0.521875 0.10416666666666667
1 0.2375 0.5708333333333333 0.234375 0.5916666666666667 0.24375 0.6208333333333333 0.2609375 0.6416666666666667 0.2875 0.6520833333333333 0.309375 0.6479166666666667 0.340625 0.5833333333333334 0.2890625 0.5583333333333333
1 0.396875 0.275 0.4015625 0.33125 0.4203125 0.36666666666666664 0.4328125 0.32083333333333336 0.4375 0.23125 0.4078125 0.25625
1 0.6125 0.16041666666666668 0.6125 0.18541666666666667 0.634375 0.25625 0.646875 0.27708333333333335 0.678125 0.29583333333333334 0.71875 0.28125 0.7484375 0.25 0.765625 0.225 0.775 0.18541666666666667 0.7515625 0.12708333333333333 0.7140625 0.08125 0.6875 0.07916666666666666 0.6546875 0.09583333333333334 0.61875 0.14166666666666666
1 0.3734375 0.7104166666666667 0.371875 0.7541666666666667 0.3828125 0.7958333333333333 0.403125 0.8229166666666666 0.434375 0.84375 0.4734375 0.8416666666666667 0.496875 0.8270833333333333 0.51875 0.7958333333333333 0.5328125 0.7458333333333333 0.5234375 0.7041666666666667 0.5046875 0.6604166666666667 0.471875 0.6375 0.4390625 0.6354166666666666 0.4015625 0.6520833333333333 0.3828125 0.6770833333333334
1 0.278125 0.85 0.2796875 0.88125 0.3015625 0.9270833333333334 0.340625 0.9041666666666667 0.3796875 0.9041666666666667 0.403125 0.9145833333333333 0.43125 0.8541666666666666 0.4265625 0.8416666666666667 0.384375 0.8020833333333334 0.3671875 0.7604166666666666 0.334375 0.7666666666666667 0.3 0.7958333333333333
3 0.2734375 0.9875 0.271875 0.9979166666666667 0.425 0.9979166666666667 0.409375 0.9541666666666667 0.40625 0.925 0.3890625 0.9104166666666667 0.365625 0.9041666666666667 0.3421875 0.90625 0.303125 0.93125
3 0.51875 0.6354166666666666 0.5125 0.6541666666666667 0.5140625 0.675 0.5359375 0.7520833333333333 0.5546875 0.775 0.58125 0.7833333333333333 0.6046875 0.7416666666666667 0.6296875 0.7208333333333333 0.6015625 0.6979166666666666 0.5734375 0.6583333333333333 0.5609375 0.6229166666666667 0.5609375 0.5895833333333333 0.5296875 0.6125
3 0.484375 0.225 0.484375 0.2791666666666667 0.49375 0.30833333333333335 0.509375 0.33125 0.5359375 0.35 0.5671875 0.3541666666666667 0.5875 0.3458333333333333 0.6078125 0.325 0.6265625 0.2791666666666667 0.628125 0.25416666666666665 0.6171875 0.21041666666666667 0.5921875 0.16875 0.5734375 0.15833333333333333 0.5484375 0.15625 0.51875 0.16666666666666666 0.4984375 0.18958333333333333
3 0.596875 0.10625 0.5953125 0.15208333333333332 0.609375 0.17291666666666666 0.6171875 0.14166666666666666 0.6515625 0.09583333333333334 0.6734375 0.0875 0.68125 0.075 0.703125 0.08125 0.715625 0.07291666666666667 0.696875 0.04375 0.678125 0.03333333333333333 0.6609375 0.035416666666666666 0.6234375 0.05625
3 0.7015625 0.325 0.7046875 0.37083333333333335 0.7359375 0.4125 0.7859375 0.3416666666666667 0.8484375 0.3375 0.8453125 0.31666666666666665 0.8234375 0.27708333333333335 0.78125 0.25625 0.7328125 0.2708333333333333 0.7140625 0.2916666666666667
3 0.5078125 0.4708333333333333 0.50625 0.4979166666666667 0.5140625 0.525 0.5390625 0.5770833333333333 0.559375 0.5854166666666667 0.59375 0.51875 0.559375 0.51875 0.5390625 0.50625 0.5140625 0.4666666666666667
2 0.4109375 0.90625 0.4109375 0.9541666666666667 0.4296875 0.9979166666666667 0.5109375 0.9979166666666667 0.546875 0.96875 0.5546875 0.93125 0.54375 0.8708333333333333 0.5140625 0.8395833333333333 0.4625 0.8479166666666667 0.43125 0.8625 0.4203125 0.875
2 0.6953125 0.6729166666666667 0.6953125 0.7375 0.7046875 0.76875 0.7203125 0.79375 0.7515625 0.8208333333333333 0.778125 0.8104166666666667 0.840625 0.7666666666666667 0.8625 0.7395833333333334 0.8625 0.69375 0.8515625 0.6541666666666667 0.828125 0.6166666666666667 0.803125 0.5979166666666667 0.75625 0.5916666666666667 0.73125 0.6041666666666666 0.7078125 0.6333333333333333
2 0.53125 0.7604166666666666 0.5203125 0.7958333333333333 0.4859375 0.8375 0.5140625 0.8375 0.540625 0.8604166666666667 0.55 0.81875 0.5625 0.79375 0.5515625 0.775
0 0.2140625 0.5395833333333333 0.2109375 0.56875 0.215625 0.5729166666666666 0.2921875 0.55625 0.31875 0.575 0.3484375 0.5770833333333333 0.41875 0.5416666666666666 0.4296875 0.5166666666666667 0.4671875 0.475 0.4921875 0.4125 0.503125 0.3416666666666667 0.4828125 0.28125 0.4828125 0.225 0.465625 0.1875 0.453125 0.18333333333333332 0.4453125 0.19166666666666668 0.4328125 0.33541666666666664 0.4171875 0.38333333333333336 0.390625 0.42916666666666664 0.35625 0.4625 0.30625 0.48333333333333334 0.2703125 0.51875 0.225 0.5270833333333333
0 0.6078125 0.3375 0.60625 0.36875 0.6328125 0.39375 0.646875 0.42291666666666666 0.6484375 0.45 0.640625 0.4791666666666667 0.6453125 0.49166666666666664 0.690625 0.5125 0.7421875 0.58125 0.8125 0.5958333333333333 0.83125 0.55625 0.871875 0.5166666666666667 0.8625 0.5083333333333333 0.8359375 0.5270833333333333 0.8182296875 0.5270833333333333 0.7578125 0.5104166666666666 0.7359375 0.46875 0.734375 0.41458333333333336 0.7046875 0.37916666666666665 0.69375 0.33958333333333335 0.7 0.30625 0.6546875 0.28541666666666665 0.63125 0.2833333333333333
0 0.471875 0.4708333333333333 0.46875 0.49166666666666664 0.4875 0.49375 0.5078125 0.5104166666666666 0.50625 0.4625 0.48125 0.46041666666666664
4 0.5125 0.4166666666666667 0.5109375 0.45 0.5203125 0.4791666666666667 0.5375 0.5041666666666667 0.5640625 0.51875 0.5796875 0.5229166666666667 0.625 0.49583333333333335 0.6453125 0.4583333333333333 0.646875 0.42916666666666664 0.6390625 0.40625 0.6 0.36875 0.55625 0.37083333333333335
4 0.4234375 0.54375 0.4234375 0.5770833333333333 0.446875 0.63125 0.5015625 0.6479166666666667 0.5125 0.6416666666666667 0.53125 0.6041666666666666 0.525 0.55 0.509375 0.5166666666666667 0.4890625 0.49583333333333335 0.4609375 0.49375 0.44375 0.5020833333333333
4 0.7390625 0.42291666666666666 0.7375 0.4625 0.74375 0.4875 0.76875 0.5145833333333333 0.8359375 0.5229166666666667 0.8609375 0.5041666666666667 0.8703125 0.48333333333333334 0.871875 0.4395833333333333 0.8625 0.4 0.853125 0.39375 0.8484375 0.35 0.8234375 0.3416666666666667 0.7828125 0.3458333333333333 0.7546875 0.38125