0 0.1546875 0.4041666666666667 0.1546875 0.41458333333333336 0.1875 0.44166666666666665 0.1875 0.4708333333333333 0.196875 0.4895833333333333 0.2109375 0.49375 0.23125 0.48333333333333334 0.2703125 0.5104166666666666 0.328125 0.5104166666666666 0.3609375 0.44166666666666665 0.359375 0.4125 0.3515625 0.4041666666666667 0.278125 0.38333333333333336 0.2046875 0.37916666666666665 0.1671875 0.39166666666666666
2 0.590625 0.19791666666666666 0.5890625 0.21875 0.6203125 0.27708333333333335 0.6625 0.23541666666666666 0.7140625 0.23541666666666666 0.7140625 0.21041666666666667 0.703125 0.17291666666666666 0.684375 0.14375 0.6671875 0.13333333333333333 0.6203125 0.13541666666666666
2 0.63125 0.33541666666666664 0.6328125 0.37916666666666665 0.6640625 0.3375 0.6953125 0.32083333333333336 0.7328125 0.31875 0.7609375 0.32916666666666666 0.7640625 0.3229166666666667 0.7375 0.28125 0.70625 0.2625 0.65 0.2833333333333333 0.6359375 0.30625
3 0.25625 0.29791666666666666 0.25625 0.34375 0.2671875 0.3729166666666667 0.2765625 0.38125 0.3546875 0.39791666666666664 0.3703125 0.3854166666666667 0.3875 0.3541666666666667 0.3796875 0.2708333333333333 0.3578125 0.25 0.3375 0.24375 0.2890625 0.25 0.2671875 0.2708333333333333
3 0.6203125 0.42083333333333334 0.61875 0.4395833333333333 0.625 0.4395833333333333 0.790625 0.39375 0.8015625 0.38333333333333336 0.7890625 0.35625 0.7625 0.33125 0.7328125 0.32083333333333336 0.7046875 0.32083333333333336 0.6765625 0.33125 0.653125 0.35 0.6296875 0.3854166666666667
1 0.459375 0.35208333333333336 0.4546875 0.37083333333333335 0.4578125 0.425 0.475 0.4375 0.5 0.47291666666666665 0.615625 0.4395833333333333 0.6265625 0.3875 0.6171875 0.33541666666666664 0.6078125 0.3145833333333333 0.5734375 0.28541666666666665 0.5375 0.2833333333333333 0.5 0.29791666666666666 0.4859375 0.30833333333333335
1 0.321875 0.22083333333333333 0.3078125 0.24166666666666667 0.35625 0.24791666666666667 0.3828125 0.27708333333333335 0.384375 0.23333333333333334 0.35625 0.21666666666666667
1 0.115625 0.53125 0.11875 0.5666666666666667 0.1546875 0.5520833333333334 0.2015625 0.5583333333333333 0.234375 0.5479166666666667 0.2640625 0.5125 0.2328125 0.4875 0.1984375 0.49375 0.1875 0.47708333333333336 0.184375 0.45 0.171875 0.45 0.1484375 0.46875
5 0.15625 0.42083333333333334 0.159375 0.45208333333333334 0.18125 0.44583333333333336 0.1796875 0.4375
5 0.1640625 0.38333333333333336 0.1625 0.39166666666666666 0.16875 0.39166666666666666 0.20625 0.3770833333333333 0.265625 0.375 0.2578125 0.35833333333333334 0.2375 0.34375 0.203125 0.33958333333333335 0.178125 0.3541666666666667
5 0.4859375 0.26875 0.484375 0.30416666666666664 0.51875 0.28541666666666665 0.5609375 0.2791666666666667 0.58125 0.2875 0.609375 0.3125 0.61875 0.2875 0.5984375 0.23541666666666666 0.575 0.21458333333333332 0.55625 0.20833333333333334 0.5125 0.22083333333333333
5 0.6140625 0.3020833333333333 0.6125 0.31875 0.628125 0.36041666666666666 0.634375 0.30625 0.653125 0.2791666666666667 0.7015625 0.2625 0.728125 0.275 0.7328125 0.26875 0.7171875 0.24583333333333332 0.7 0.23541666666666666 0.6640625 0.2375 0.64375 0.25
5 0.3328125 0.5 0.33125 0.51875 0.340625 0.5208333333333334 0.4953125 0.47291666666666665 0.48125 0.4479166666666667 0.45625 0.4270833333333333 0.4109375 0.42083333333333334 0.3625 0.4479166666666667
4 0.3890625 0.24375 0.3859375 0.31666666666666665 0.3921875 0.34375 0.41875 0.36666666666666664 0.4515625 0.3645833333333333 0.48125 0.30625 0.4828125 0.2625 0.471875 0.23333333333333334 0.446875 0.20833333333333334 0.4234375 0.20833333333333334 0.40625 0.21458333333333332
4 0.4859375 0.2125 0.490625 0.24791666666666667 0.5078125 0.22291666666666668 0.5234375 0.2125 0.5453125 0.20625 0.5734375 0.21041666666666667 0.5734375 0.20208333333333334 0.5578125 0.16875 0.5359375 0.15833333333333333 0.5078125 0.17083333333333334
4 0.3671875 0.40625 0.3625 0.4125 0.365625 0.4395833333333333 0.4125 0.41875 0.45625 0.42083333333333334 0.4515625 0.37083333333333335 0.4046875 0.37916666666666665