5 0.6014062499999999 0.6847916666666668 0.5899301470588234 0.5368774509803921 0.5207886029411763 0.5464142156862745 0.5322647058823529 0.6943284313725491
3 0.9265448214986266 0.5374183666797442 0.6249212191055312 0.1375002942330329 0.5038424627304823 0.2998455930430237 0.8054660651235777 0.6997636654897349
3 0.684375 0.4979166666666669 0.59375 0.4979166666666669 0.59375 0.88125 0.684375 0.88125
3 0.98378125 0.9361250000000001 0.9676562499999999 0.7856249999999998 0.6414999999999998 0.8477499999999999 0.6576249999999999 0.9982500000000002
7 0.569665484539369 0.800393821060461 0.4459605116353204 0.7974484645627455 0.44410065349059613 0.9363178727021569 0.5678056263946447 0.9392632291998724
7 0.4960579128440369 0.1463685015290522 0.4064449541284404 0.12558868501529066 0.3860321100917431 0.28208715596330286 0.4756450688073396 0.3028669724770644
2 0.9984375 0.3125000000000002 0.890625 0.3125000000000002 0.890625 0.5291666666666669 0.9984375 0.5291666666666669
2 0.8568542099792099 0.3937240124740127 0.7484342515592515 0.25819906444906454 0.6818249740124738 0.3529322591822594 0.7902449324324323 0.4884572072072075
1 0.5918750000000002 0.7679166666666666 0.5337500000000001 0.6129166666666667 0.42312500000000003 0.6866666666666668 0.48125 0.8416666666666667
1 0.9765625 0.17916666666666695 0.8203125 0.1791666666666669 0.8203125 0.35833333333333356 0.9765625 0.35833333333333356
7 0.852074795081967 0.1758196721311478 0.7073898565573773 0.15828210382513686 0.6976434426229511 0.30122950819672156 0.8423283811475409 0.3187670765027325
0 0.4913587707182322 0.6081721915285453 0.48484116022099466 0.4430593922651935 0.3658451312154697 0.45140999079189703 0.3723627417127072 0.6165227900552489
0 0.6155679294175715 0.15342423494570603 0.4718888820335637 0.14916707798617987 0.46871760858835154 0.3394434846989142 0.6123966559723594 0.3437006416584404
0 0.8314088387195747 0.6087696870525672 0.6847092963796277 0.5503818095043297 0.6510367662098588 0.700785777595964 0.7977363085498058 0.7591736551442015
7 0.95625 0.6625000000000004 0.803125 0.6625000000000004 0.803125 0.8395833333333338 0.95625 0.8395833333333338
1 0.5462499999999999 0.34958333333333347 0.44000000000000006 0.2787500000000002 0.3890625000000001 0.4145833333333336 0.4953125 0.48541666666666683
1 0.639440187557182 0.485232540408661 0.5870717063129003 0.32150579444952737 0.5014884492223237 0.3701707837755415 0.5538569304666054 0.5338975297346752
1 0.8126921106557375 0.7263490437158474 0.6906890368852459 0.7115607923497271 0.6802766393442623 0.8642759562841532 0.802279713114754 0.8790642076502735
1 1.0094929477906367 0.5230081755216557 0.8918188617832721 0.4998591749956167 0.8774086829300369 0.6300844950026306 0.9950827689374016 0.6532334955286696
