2 0.41875 0.7145833333333335 0.3531753048780487 0.663020325203252 0.33301524390243903 0.7085995934959349 0.39858993902439027 0.7601626016260163
2 0.2937500000000001 0.40625 0.16406250000000008 0.40625 0.16406250000000008 0.5395833333333333 0.2937500000000002 0.5395833333333333
2 0.6601755136986303 0.8246518264840184 0.5737542808219177 0.7176541095890412 0.4815410958904109 0.850062785388128 0.5679623287671234 0.9570605022831052
2 0.2977933826469414 0.7439999000399841 0.2473435625749701 0.7302720578435292 0.2294319772091164 0.8472944155671068 0.2798817972810877 0.8610222577635616
3 0.8367363702534242 0.3384043781951396 0.7652836155991143 0.26394020476229535 0.5103202144673172 0.69887777139889 0.5817729691216271 0.7733419448317342
3 0.4625 0.46250000000000024 0.3921875 0.46250000000000024 0.3921875 0.5416666666666666 0.4625 0.5416666666666666
3 0.4 0.7166666666666667 0.28437500000000016 0.7166666666666667 0.28437500000000016 0.9041666666666667 0.4 0.9041666666666667
3 0.4625 0.46250000000000024 0.3921875 0.46250000000000024 0.3921875 0.5416666666666666 0.4625 0.5416666666666666
3 0.30335982658959537 0.5791184971098265 0.29593569364161854 0.5147760115606936 0.19507767341040458 0.5354648362235068 0.2025018063583815 0.5998073217726396
3 0.6724474212163563 0.41458042168222065 0.6127055531761417 0.3759414025517336 0.501921337518597 0.6804559645642667 0.5616632055588116 0.7190949836947539
3 0.5068706230921172 0.288488358173221 0.2033741470641049 0.03156012449871319 0.1652164885975938 0.11169120727838645 0.4687129646256062 0.36861944095289423
5 0.4742788461538461 0.09855769230769244 0.35649038461538457 0.06714743589743594 0.337139423076923 0.19615384615384623 0.45492788461538447 0.22756410256410273
7 0.7313221153846156 0.5663141025641029 0.6709014423076923 0.544342948717949 0.6506370192307693 0.6434134615384618 0.7110576923076926 0.6653846153846157
7 0.27011776706231466 0.742822700296736 0.15261034866468853 0.6546921364985164 0.08914132047477756 0.8051372403560833 0.2066487388724037 0.8932678041543027
7 0.29476009206798875 0.42593484419263455 0.2815173512747876 0.27711166194523135 0.1920980878186969 0.2912570821529746 0.205340828611898 0.4400802644003778
7 0.7065725281873374 0.39353859496964444 0.6609375 0.29375000000000007 0.6199330550737208 0.327086947094536 0.6655680832610582 0.4268755420641804
7 0.5757812500000001 0.719791666666667 0.50234375 0.6218750000000003 0.4218750000000001 0.7291666666666667 0.49531250000000016 0.8270833333333336
1 0.40959051724137946 0.3965517241379311 0.36487068965517244 0.247485632183908 0.24983836206896554 0.3088362068965517 0.2945581896551725 0.4579022988505749
1 0.509375 0.32708333333333356 0.3921875 0.32708333333333356 0.3921875 0.46458333333333357 0.509375 0.46458333333333357
1 0.6590624999999999 0.27166666666666683 0.5753125 0.21583333333333346 0.523125 0.35500000000000015 0.6068749999999998 0.4108333333333335
1 0.618496912693854 0.43657620141681036 0.5579067346352671 0.35300354202565587 0.4874730758184952 0.4437847022783841 0.5480632538770822 0.5273573616695386
1 0.41167652027027024 0.5007038288288289 0.32787162162162165 0.42088963963963977 0.2631545608108108 0.54169481981982 0.3469594594594595 0.6215090090090091
1 0.3535295050761421 0.7346340947546531 0.34495558375634516 0.5745875634517766 0.2157043147208122 0.5868972081218274 0.22427823604060917 0.7469437394247039
1 0.7282649499473132 0.662890762205831 0.6224627897787145 0.6299745345978225 0.59677291886196 0.7767737969792765 0.7025750790305587 0.8096900245872851
1 0.0011322904429688983 0.0018759611472951138 0.0009999433393771328 0.0017083214827455443 0.0008040571799513235 0.0019832494257993123 0.0009364042835430889 0.002150889090348882
1 0.5139747191011239 0.7835205992509365 0.4112605337078654 0.7704775280898877 0.40105688202247214 0.9133286516853933 0.5037710674157305 0.9263717228464422
1 0.33593750000000006 0.2645833333333332 0.2561222202295553 0.17898433763749394 0.2219323888091822 0.23565937350549968 0.301747668579627 0.321258369201339
0 0.2362732885615253 0.5850880993645291 0.14119096620450616 0.5798057481224724 0.1375054159445408 0.6977433564413632 0.2325877383015599 0.7030257076834199
0 0.5028485576923077 0.6414903846153845 0.4232572115384616 0.505048076923077 0.32384615384615384 0.6081410256410256 0.4034375 0.7445833333333333
0 0.5769609899328859 0.5879614093959732 0.5078124999999999 0.4562499999999999 0.4260171979865771 0.5325922818791945 0.49516568791946314 0.6643036912751679
0 0.8031186280221381 0.307776847266725 0.7541968577046315 0.1821505728711527 0.6406172625983105 0.2607826002524518 0.689539032915817 0.38640887464802415
0 0.5829539027149319 0.25020739064856734 0.5046167986425338 0.1353129713423834 0.42707861990950213 0.22929864253393692 0.5054157239819002 0.3441930618401209
