3 0.5007974137931036 0.4934913793103449 0.40394396551724154 0.48272988505747133 0.37756465517241394 0.9047988505747125 0.474418103448276 0.9155603448275861
3 0.7002666791198852 0.5363628654855773 0.4569166056295101 0.13135470535029586 0.3444660088581708 0.2514723882651355 0.5878160823485459 0.656480548400417
3 0.7439807046979867 0.9302153243847876 0.7260014681208056 0.7943722035794184 0.41117344798657723 0.8684493847874719 0.42915268456375844 1.0042925055928411
7 0.35229361797528913 0.8101418227713567 0.21684373754483882 0.7993058323369208 0.20980034376245543 0.9558256941676633 0.34525022419290574 0.9666616846020993
7 0.721875 0.6625 0.5890625 0.6625 0.5890625 0.825 0.721875 0.825
7 0.6420183486238533 0.19244266055045897 0.5282052752293577 0.1660512232415904 0.5090080275229357 0.31323012232415925 0.6228211009174314 0.3396215596330278
7 0.33001360103626937 0.11369775474956828 0.2294630829015544 0.09815371329879108 0.2140408031088083 0.27550993091537135 0.3145913212435233 0.29105397236614855
2 0.65234375 0.39687500000000014 0.55859375 0.27187500000000014 0.509375 0.33750000000000024 0.603125 0.46250000000000024
2 0.8356242068527917 0.4097768612521151 0.7424095812182739 0.30206218274111674 0.6467243020304567 0.4492703045685279 0.7399389276649745 0.5569849830795264
0 0.44733868453865344 0.13346841230257706 0.30940227556109723 0.12427265170407326 0.3025366271820448 0.30735660847880303 0.4404730361596011 0.3165523690773069
0 0.625574974012474 0.5948241510741513 0.49986031704781697 0.5193953568953571 0.44954521829521815 0.6684771309771311 0.5752598752598753 0.7439059251559254
0 0.29062500000000013 0.42916666666666664 0.1593750000000001 0.42916666666666664 0.1593750000000001 0.5979166666666667 0.2906250000000002 0.5979166666666667
0 0.322542244852283 0.615387197851388 0.26514240152193375 0.5206319009250971 0.15676057520143238 0.637350790808714 0.21416041853178164 0.7321060877350047
1 0.6019521699266505 0.7215362673186636 0.490552414425428 0.6992563162184191 0.47242130195599036 0.8604217603911982 0.5838210574572128 0.8827017114914427
1 0.4656660387513454 0.46231207391460344 0.41524555974165756 0.29941514172945827 0.3218729817007534 0.350794761392178 0.3722934607104412 0.5136916935773231
1 0.3620430956678701 0.35094765342960316 0.25716944945848386 0.2610559566787006 0.1936089801444044 0.3928850782190134 0.29848262635379064 0.48277677496991606
1 0.7695624999999998 0.29658333333333337 0.6969999999999998 0.16758333333333345 0.5967499999999999 0.2678333333333335 0.6693124999999998 0.39683333333333337
1 0.3865523032629558 0.7636116442738327 0.32080434261036467 0.6042226487523995 0.2073806381957774 0.6874000319897635 0.2731285988483686 0.8467890275111966
1 0.7891839378238344 0.5464486183074269 0.6980569948186528 0.47557210708117464 0.6448996113989638 0.59707469775475 0.7360265544041454 0.6679512089810022
5 0.4039025064504239 0.6825523712986855 0.39753040914117216 0.5352861223737561 0.31166835606339843 0.5418908956874309 0.31804045337265013 0.6891571446123604
