3 0.5077556522869023 0.6382471413721416 0.4537275857588357 0.44833030145530134 0.40761434511434497 0.4716519404019404 0.4616424116424116 0.6615687803187806
3 0.28327861163227025 0.34953486554096325 0.1998886022514072 0.31415728580362734 0.07793445121951229 0.8252032520325201 0.16132446060037534 0.860580831769856
3 0.6189625000000001 0.7015666666666669 0.36933942307692313 0.3802128205128206 0.27050480769230767 0.5166987179487181 0.5201278846153847 0.8380525641025645
3 0.6127163461538461 0.17477564102564117 0.3298317307692307 0.12762820512820522 0.31475961538461533 0.28839743589743605 0.5976442307692308 0.33554487179487197
7 0.7109375 0.5541666666666667 0.6 0.5541666666666667 0.6 0.7083333333333334 0.7109375 0.7083333333333334
7 0.36380355878186965 0.6532076251180359 0.3216558958923513 0.49710516997167153 0.20540899433427756 0.5529036827195469 0.247556657223796 0.7090061378659113
2 0.7063694852941176 0.49042892156862766 0.6455698529411762 0.3630392156862747 0.5534650735294117 0.4411887254901963 0.6142647058823529 0.5685784313725493
2 0.6795400943396226 0.24410377358490568 0.6525943396226414 0.11835691823899364 0.538266509433962 0.1619103773584906 0.5652122641509434 0.28765723270440263
0 0.3484161689419795 0.07732508532423217 0.22784236348122863 0.05841154721274182 0.2158756399317406 0.1940344141069397 0.3364494453924915 0.21294795221843005
1 0.3417136270491804 0.19236680327868866 0.21745645491803284 0.17730532786885253 0.20677510245901645 0.3339651639344263 0.33103227459016404 0.3490266393442624
1 0.3529530409598676 0.35385033098882906 0.24408034236657014 0.34200024134602114 0.23516174493173359 0.48767066611501864 0.344034443525031 0.49952075575782656
1 0.575 0.4458333333333336 0.4609375 0.4458333333333336 0.4609375 0.5979166666666667 0.575 0.5979166666666667
0 0.5678125 0.37124999999999997 0.4947952586206896 0.2561925287356322 0.39918642241379304 0.3640589080459771 0.4722036637931034 0.47911637931034495
0 0.45625000000000016 0.29375000000000023 0.40386235955056204 0.25009363295880166 0.35584620786516863 0.35252808988764056 0.4082338483146068 0.3961844569288392
7 0.23985142436149315 0.21462835625409304 0.2192227406679764 0.09360674525212834 0.14513752455795673 0.11605681074001313 0.16576620825147348 0.23707842174197782
1 0.5885017123287671 0.10897831050228314 0.5202996575342466 0.02453767123287663 0.45769263698630114 0.11443493150684934 0.5258946917808218 0.19887557077625584
1 0.6669036697247708 0.28290519877675874 0.5866542431192661 0.26429663608562726 0.5712299311926606 0.3825496941896028 0.6514793577981652 0.40115825688073425
7 0.478125 0.15 0.47711790283886446 0.08286018925763027 0.39780587764894043 0.08497517659602825 0.398812974810076 0.15211498733839798
5 0.45 0.47291666666666676 0.4025 0.3462500000000001 0.35749999999999993 0.37625000000000003 0.40499999999999997 0.5029166666666668
0 0.19843750000000013 0.3250000000000001 0.14396266968325802 0.30249396681749624 0.10958766968325792 0.450410633484163 0.16406250000000006 0.47291666666666676
