1 0.35846433193502314 0.29646443234559083 0.3078214253837914 0.13580417707961445 0.17087145215994287 0.2125490896108533 0.22151435871117453 0.3732093448768297
1 0.4039398280802294 0.5102554918815664 0.2345451289398281 0.4475167144221587 0.18854315902578803 0.6683261700095512 0.3579378581661892 0.731064947468959
1 0.4776029411764705 0.5164509803921571 0.3963051470588235 0.38303921568627464 0.3111875 0.4752500000000001 0.39248529411764704 0.6086617647058825
1 0.725 0.4062500000000001 0.5890625 0.4062500000000001 0.5890625 0.6020833333333333 0.725 0.6020833333333333
1 0.8208889248704662 0.850587219343696 0.7019025259067357 0.6700561312607946 0.5671454015544042 0.8279533678756478 0.6861318005181346 1.0084844559585493
1 0.4156250000000001 0.88125 0.2328125000000001 0.88125 0.2328125000000001 0.9979166666666667 0.4156250000000002 0.9979166666666667
7 0.5066224093264251 0.8214702072538863 0.3643944300518136 0.7108484455958551 0.2936123704663213 0.8726360103626944 0.4358403497409328 0.9832577720207255
7 0.23722569338616278 0.3712917809610892 0.1738113380067053 0.2846254952758306 0.10689814462054259 0.37166704764807484 0.17031250000000003 0.4583333333333334
2 0.17257622558788366 0.3795560980470307 0.004431546432841807 0.3661045237146273 -0.003725338780390547 0.5473686395642355 0.1644193403746513 0.5608202138966388
2 0.12296702348066302 0.9318312615101291 0.1159659875690608 0.7544716850828729 -0.0037681284530386772 0.762874079189687 0.003232907458563544 0.940233655616943
2 0.3508839779005525 0.7298941068139965 0.1745355662983426 0.6274010128913445 0.08940348756906084 0.8878050184162064 0.26575189917127073 0.9902981123388582
2 0.6375000000000001 0.8583333333333333 0.4156250000000001 0.8583333333333333 0.4156250000000002 0.9979166666666667 0.6375000000000002 0.9979166666666667
3 0.6870257352941177 0.6209705882352943 0.5648193458417851 0.5702434077079109 0.4996686105476674 0.8492728194726167 0.6218750000000001 0.9000000000000001
3 0.7657451923076924 0.6283653846153847 0.6689903846153846 0.6025641025641025 0.6522235576923077 0.7143429487179488 0.7489783653846154 0.7401442307692309
3 0.5809908614813742 0.40300387405643207 0.5133147525560219 0.2043289811878539 0.09051477772148898 0.4603672129601607 0.15819088664684133 0.659042105828739
3 0.5691610773301152 0.4125127645748236 0.5586810712959525 0.373946342369105 0.4342943510954326 0.43403654536452524 0.4447743571295952 0.47260296757024384
3 0.2171875 0.6770833333333335 0.17151918316831685 0.5172442244224424 0.09023514851485151 0.5585313531353137 0.13590346534653466 0.7183704620462047
0 0.11367040094339623 0.7504756289308178 0.10611733490566037 0.5188482704402515 -0.002576650943396222 0.5251493710691824 0.004976415094339609 0.7567767295597485
0 0.549953772189349 0.6519354043392506 0.39922337278106507 0.569181459566075 0.34628328402366865 0.7406065088757396 0.49701368343195274 0.8233604536489153
0 0.6358407079646018 0.4706858407079647 0.4761946902654867 0.3836061946902655 0.41389657079646025 0.5866519174041298 0.5735425884955753 0.6737315634218288
0 0.6407760223048327 0.3293215613382901 0.5332481412639405 0.21903655514250328 0.4697026022304832 0.3291821561338292 0.5772304832713754 0.439467162329616
0 0.8710775414937759 0.527783540802213 0.8327476659751036 0.33613416320885203 0.6974714730290457 0.3842323651452281 0.7358013485477178 0.5758817427385892
0 0.7859375 0.5666666666666668 0.7018695809248555 0.5494219653179191 0.6901643786127168 0.6508670520231216 0.7742322976878613 0.6681117533718691
5 0.7140625 0.23541666666666677 0.6109375 0.23541666666666677 0.6109375 0.40833333333333344 0.7140625 0.40833333333333344
5 0.18437500000000007 0.6958333333333333 0.15285954091193005 0.6516578180303977 0.08039408963148031 0.7435652196543827 0.11190954871955032 0.7877407349573183
5 0.2401826415547025 0.9511056461932182 0.11722948656429948 0.9035108765195138 0.10227627159309027 0.9721849008317338 0.22522942658349332 1.0197796705054383
