3 0.7918487121772193 0.5131539226558239 0.6514707484025981 0.27027776310925705 0.5819049677879284 0.3417581982362571 0.7222829315625496 0.5846343577828238
3 0.6664062500000002 0.4843750000000002 0.6101875000000001 0.47366666666666696 0.5839687500000001 0.7183750000000003 0.6401875000000001 0.7290833333333336
3 0.7703125000000001 0.7000000000000003 0.6046875 0.7000000000000001 0.6046875 0.7750000000000001 0.7703125 0.7750000000000002
0 0.6427572513812156 0.2709829650092083 0.5668162983425417 0.26565377532228385 0.5626985497237571 0.36997007366482537 0.6386395027624311 0.37529926335174985
0 0.7425106232294618 0.5451782341831918 0.6659835339943344 0.49716123701605297 0.6343617209631728 0.5867563739376772 0.7108888101983002 0.6347733711048161
7 0.8015625 0.5937500000000004 0.7171875000000001 0.5937500000000002 0.7171875 0.6875000000000002 0.8015625 0.6875000000000004
7 0.5735756994584839 0.6691523766546331 0.4983923736462096 0.6473601083032493 0.4841916741877258 0.7344577316486164 0.5593750000000001 0.7562500000000002
7 0.578952590718772 0.2602611072342408 0.523641399162596 0.24431553849732507 0.5074079727843684 0.344421667829728 0.5627191643405445 0.3603672365666437
7 0.7647143710191082 0.30871151804670927 0.6984773089171974 0.2827361995753717 0.6798915207006369 0.36699177282377937 0.7461285828025478 0.3929670912951169
5 0.6046875 0.5062500000000002 0.55625 0.5062500000000002 0.55625 0.59375 0.6046875 0.59375
1 0.590948275862069 0.6385057471264369 0.5603178879310345 0.5432112068965517 0.49299568965517243 0.5816810344827588 0.5236260775862069 0.6769755747126439
1 0.59 0.38500000000000006 0.5243749999999999 0.3412500000000001 0.49343749999999986 0.4237500000000002 0.5590624999999998 0.4675000000000002
1 0.646875 0.3750000000000002 0.578125 0.3750000000000002 0.578125 0.47291666666666693 0.646875 0.47291666666666693
1 0.7237202017114914 0.621098207008965 0.6527391503667482 0.6069019967400165 0.6416679400977997 0.7053127546862269 0.7126489914425428 0.7195089649551754
1 0.8461605483271375 0.5073032837670388 0.7725487918215614 0.4945012391573733 0.7645155669144983 0.5766186493184638 0.8381273234200742 0.5894206939281292
1 0.821875 0.31458333333333355 0.746875 0.31458333333333355 0.746875 0.41250000000000026 0.821875 0.41250000000000026
1 0.5236418856968216 0.6348028728606359 0.4861227842298289 0.5978275264873677 0.44816243887530566 0.666305012224939 0.4856815403422983 0.7032803585982071
1 0.6183006656804733 0.4813954635108483 0.5734301035502958 0.4297263313609466 0.5447965976331359 0.47393244575936866 0.5896671597633135 0.5256015779092703
2 0.8790118243243242 0.4554054054054056 0.8350929054054053 0.37342342342342344 0.7613386824324324 0.44366554054054064 0.8052576013513513 0.5256475225225228
2 0.7625 0.4270833333333337 0.70546875 0.3510416666666669 0.6757812499999999 0.3906250000000003 0.7328125 0.46666666666666706
0 0.54375 0.4375000000000002 0.4734375 0.4375000000000002 0.4734375 0.5333333333333333 0.54375 0.5333333333333333
0 0.5545050761421317 0.5492385786802032 0.5191901967005075 0.4949079949238581 0.46041798857868016 0.562822546531303 0.4957328680203045 0.6171531302876482
