5 0.3838859375000001 0.72896875 0.3151932671093921 0.6177526135688658 0.24963545460939202 0.6897380302355326 0.318328125 0.8009541666666669
3 0.5531133373281141 0.4156753525623264 0.22946705269888507 0.27940202657446683 0.19975937500000002 0.4048333333333332 0.523405659629229 0.5411066593211928
3 0.5413953125 0.9275708333333335 0.3979343319652465 0.513129042344358 0.3004343749999999 0.5731291666666665 0.4438953555347534 0.9875709576556418
3 0.0011329374999999998 0.0015157500000000002 0.0010171874999999999 0.0014 0.0006733125000000001 0.0020113333333333333 0.0007890625000000002 0.0021270833333333333
0 0.27610000000000007 0.39138750000000017 0.19542272777213618 0.25899451887470554 0.09824616527213617 0.36426951887470543 0.17892343750000003 0.4966625000000001
0 0.5568462003875791 0.5849093511952693 0.4700618007550982 0.45634063075442133 0.38200935036751893 0.5620041962258189 0.46879375 0.6905729166666669
0 0.23395937500000005 0.7891250000000001 0.1960296875 0.6205458333333334 0.07002621905475803 0.6709463902182169 0.10795590655475806 0.8395255568848835
0 0.2471421875 0.949125 0.2436610241671811 0.7704563011199668 0.14466102416718116 0.7738854677866335 0.14814218750000002 0.9525541666666667
1 0.2218750000000001 0.5166666666666667 0.09062500000000004 0.5166666666666667 0.09062500000000005 0.65625 0.2218750000000001 0.65625
1 0.35403443571609927 0.4788000434389479 0.23792343749999997 0.39572916666666663 0.18381243928390079 0.5301874565610522 0.29992343750000006 0.6132583333333333
1 0.50798125 0.20581250000000012 0.4073045661660396 0.17422777089489974 0.38158737866603964 0.31995902089489975 0.4822640625000001 0.35154375000000015
1 0.6404096330275231 0.40928843654434277 0.553396875 0.37448333333333345 0.5250136324541285 0.5006310779816515 0.6120263904816514 0.5354361811926608
1 0.6046540523315661 0.7878953837146017 0.5600826300157912 0.6244680808963348 0.4575843749999999 0.6741645833333335 0.5021557973157749 0.8375918861516004
1 0.3838097345511584 0.8909185635654718 0.33566093750000003 0.7258375000000001 0.1956387029488416 0.7984418531011951 0.2437875 0.9635229166666668
1 0.32902541027328097 0.6177203644511117 0.2734374999999999 0.53125 0.19352927722671898 0.6225733855488883 0.2491171875 0.7090437500000001
7 0.18273906250000005 0.4855416666666668 0.10665781249999999 0.35336041666666673 0.023553900569471264 0.4383971807841466 0.09963515056947132 0.5705784307841467
7 0.6843750000000001 0.5979166666666668 0.6046875 0.4916666666666668 0.51796875 0.6072916666666669 0.59765625 0.7135416666666669
7 0.42822158339765987 0.3368163970764196 0.41735000000000005 0.2457041666666667 0.30506279160234023 0.26952318625691374 0.31593437500000005 0.3606354166666667
7 0.4078125000000001 0.9166666666666666 0.2656250000000001 0.9166666666666666 0.2656250000000001 0.9979166666666667 0.4078125000000002 0.9979166666666667
2 0.5921875 0.24166666666666675 0.4875 0.24166666666666672 0.4875 0.40000000000000013 0.5921875 0.40000000000000013
3 0.7409276151498335 0.6985629393266741 0.6799103426748057 0.6224553736588977 0.4493999722530521 0.9509988901220867 0.5104172447280799 1.0271064557898633
