2 0.39375000000000016 0.7208333333333333 0.2562500000000002 0.7208333333333333 0.2562500000000002 0.875 0.39375000000000016 0.875
2 0.31717367256637174 0.5356932153392332 0.19241565265486726 0.5246036135693217 0.1862624446902655 0.647667772861357 0.31102046460176996 0.6587573746312685
2 0.37840442518248196 0.3783683090024335 0.29346487226277385 0.32551703163017065 0.26141081204379574 0.4171000608272509 0.34635036496350385 0.46995133819951374
3 0.653125 0.725 0.553125 0.725 0.553125 0.76875 0.653125 0.76875
3 0.6620316883212757 0.7165636227176535 0.6101870478369998 0.58376857867021 0.3291820463605492 0.7788040134849156 0.38102668684482505 0.9115990575323589
3 0.6058632425742577 0.3884900990099012 0.33853650990099016 0.3528465346534654 0.3296875000000001 0.4708333333333335 0.5970142326732677 0.5064768976897693
7 0.4325 0.6841666666666668 0.32937500000000003 0.6154166666666668 0.29437499999999994 0.7087500000000002 0.39749999999999996 0.7775000000000002
7 0.25042529585798823 0.4269723865877713 0.14824334319526628 0.3702046351084813 0.10696190828402367 0.5023052268244576 0.2091438609467456 0.5590729783037476
7 0.5903839847848898 0.7746283665617348 0.570860112801679 0.7185598111227702 0.5164136280167891 0.7522647778943686 0.5359375 0.8083333333333332
7 0.4373073630136985 0.3784817351598174 0.42221746575342456 0.32482876712328773 0.35423801369863 0.358818493150685 0.36932791095890405 0.41247146118721467
0 0.8103019915932747 0.6334701094208699 0.7674614691753403 0.5116126234320789 0.6515687550040032 0.5840455697891644 0.6944092774219376 0.7059030557779555
1 0.5272910595337218 0.37259922286983077 0.5255821971273937 0.2609535456563975 0.42887502601998334 0.26358503330557875 0.4305838884263114 0.3752307105190119
1 0.5663744250985544 0.4014701051248358 0.5642739816031536 0.29224704336399465 0.5171895532194479 0.29385676741130085 0.5192899967148488 0.40307982917214197
1 0.374434503713707 0.9118923024983123 0.3410280216070224 0.8144567296871483 0.2295482359891965 0.8824063133018231 0.26295471809588117 0.9798418861129871
1 0.5392653878583475 0.8020868465430018 0.5015401032883643 0.6981327290612703 0.39400558600337265 0.7675098369870714 0.43173087057335585 0.8714639544688029
1 0.675 0.5312500000000002 0.565625 0.5312500000000002 0.565625 0.6895833333333333 0.675 0.6895833333333333
1 0.3173349056603774 0.7079795597484279 0.24957365747460097 0.6311834784712146 0.17613162191582016 0.7463866715045963 0.24389287010159655 0.8231827527818095
1 0.4231582348596751 0.5965688084687346 0.41900618537666173 0.45263109305760696 0.311532957902511 0.45814254062038395 0.31568500738552435 0.6020802560315116
5 0.3306471528181292 0.44894562269998073 0.24443274259151676 0.4173336722835561 0.22316058977338765 0.5204713829169089 0.30937500000000007 0.5520833333333335
0 0.6997329676674365 0.46998171670515804 0.6405816974595844 0.35825153964588163 0.5504041570438798 0.44312451886066234 0.6095554272517321 0.5548546959199387
0 0.5697384379042694 0.49680357912893525 0.4590970650064685 0.4778905239327299 0.44408857535575696 0.6339788163001298 0.5547299482535578 0.6528918714963351
0 0.5068334854014599 0.6543813868613141 0.45824954379562044 0.5551891727493918 0.373930200729927 0.628610097323601 0.42251414233576645 0.7278023114355232
1 0.5085495649471722 0.4735200435052832 0.45802322871348655 0.4155518437953182 0.39600683654443747 0.5116493163455563 0.4465331727781231 0.5696175160555214
