3 0.8683875000000001 0.5491875 0.6823350024341852 -0.002825375951608026 0.5283484374999998 0.08944166666666672 0.7144009350658147 0.6414545426182748
3 0.6086765625 0.41083333333333344 0.510007580194764 0.34658396756551646 0.3155544551947641 0.8774735508988498 0.4142234375000001 0.9417229166666667
3 0.7265625000000001 0.8562500000000001 0.3765625000000001 0.85625 0.3765625000000001 0.9979166666666668 0.7265625000000002 0.9979166666666669
7 0.3371125000000001 0.6967729166666667 0.18023905558688205 0.5951791621896206 0.11174531250000008 0.7832020833333334 0.2686187569131181 0.8847958378103793
7 0.8690197048084645 0.7438942592377156 0.6863687500000001 0.6464791666666668 0.6244068576915358 0.8530161574289514 0.8070578125000001 0.9504312500000002
7 0.510996875 0.1481916666666667 0.49018663121037703 -0.015766470630459915 0.4045147562103771 0.0035647793695400497 0.42532499999999995 0.16752291666666666
7 0.89266875 0.18237083333333348 0.7635819052831004 0.06762785609036079 0.6960334677831004 0.2027257727570274 0.8251203125 0.3174687500000001
1 0.0016187499999999993 0.0006479166666666669 0.0014874999999999997 0.00018125000000000004 0.001223630136986301 0.00031318493150684924 0.001354880136986301 0.0007798515981735161
1 0.41089382797184426 0.4928708700260265 0.25274531250000004 0.4184479166666668 0.19949523452815593 0.6196145466406406 0.3576437500000001 0.6940375000000003
1 0.606894382816141 0.3471061004738232 0.5776890149234892 0.12737047537672827 0.448325 0.1579375 0.47753036789265185 0.3776731250970949
1 0.508421875 0.21976666666666664 0.42153066324304067 0.07494902207876845 0.3211125000000001 0.1820625 0.4080037117569596 0.32688014458789816
1 0.6781304923470288 0.735141737867237 0.5330447448028922 0.6319704296406602 0.450259375 0.8389354166666668 0.5953451225441366 0.9421067248932438
1 0.984375 0.66875 0.91875 0.49374999999999997 0.77375 0.5904166666666666 0.8393750000000001 0.7654166666666666
0 0.3919203693631942 0.21570140096100113 0.240834375 0.19331875000000007 0.22391400563680577 0.39636734903899895 0.375 0.41875000000000007
0 0.741323583710114 0.48122412272740067 0.5700921875 0.4304895833333334 0.531746728789886 0.6605654606059328 0.7029781249999999 0.7113
0 0.6484375 9.261391418551858e-17 0.4859375 7.93469071947556e-17 0.4859375 0.15000000000000008 0.6484375 0.1500000000000001
5 0.4838720816337694 0.4136284582118012 0.4019859375 0.3711687500000001 0.3530747933662307 0.5388632084548657 0.4349609375 0.5813229166666668
2 0.9984375 0.31666666666666676 0.8578125 0.31666666666666676 0.8578125 0.5458333333333336 0.9984375 0.5458333333333336
