2 0.8344822053463312 0.7815634005224353 0.7269093749999999 0.6271 0.6037499443500169 0.7795832534257435 0.7113227746963483 0.934046653948179
2 0.4830906249999999 0.6834645833333333 0.45126477543109933 0.5848037578201577 0.30086093750000004 0.6710562499999999 0.3326867870689006 0.7697170755131756
2 0.27343750000000006 0.4166666666666667 0.08125000000000004 0.4166666666666667 0.08125000000000006 0.6166666666666667 0.2734375000000001 0.6166666666666667
2 0.5498552972723342 0.8375850553159866 0.4856794297631433 0.645059643464895 0.3140296875 0.7467791666666667 0.37820555500919084 0.9393045785177583
2 0.0006253921691064683 0.0016571069168730005 0.00043442661727335934 0.001610044316421239 0.0003684094481668912 0.002086270732881572 0.0005593750000000002 0.002133333333333334
3 0.73350625 0.6924958333333334 0.694254622027361 0.39775784170342876 0.6082546874999999 0.41811875 0.6475063154726389 0.7128567416299046
3 0.31093666981956647 0.6529495847433978 0.2699137148547669 0.5595075414673905 0.21331562499999995 0.60368125 0.25433857996479947 0.6971232932760073
3 0.5841739975004747 0.21504276728797309 0.43537788705658215 0.0643018422799161 0.17729531250000005 0.5171958333333334 0.3260914229438926 0.6679367583413904
3 0.621027494089769 0.2600448823356853 0.5753041100702169 0.18041774440774194 0.4494765625000001 0.30886666666666673 0.4951999465195522 0.38849380459461
7 0.7657156250000001 0.510010416666667 0.7176910080013046 0.44997862196298694 0.6661375000000002 0.5232979166666669 0.7141621169986955 0.583329711370347
7 0.2875000000000001 0.7229166666666667 0.05937500000000007 0.7229166666666667 0.05937500000000008 0.9916666666666667 0.2875000000000001 0.9916666666666667
7 0.2657704695940015 0.2804291806303072 0.10461093750000003 0.2661041666666667 0.09663265540599851 0.4256729027030263 0.25779218750000005 0.4399979166666668
7 0.6455567713944854 0.7815560732559643 0.6139545926367966 0.615820335828934 0.4845281249999999 0.6596937500000001 0.5161303037576888 0.8254294874270303
1 0.5575003956569539 0.5633328644079661 0.4452593749999999 0.3949708333333332 0.31374960434304605 0.5508338022587007 0.425990625 0.7191958333333335
1 0.3632875 0.25965625 0.3051216979460112 0.046380578271952425 0.14855138001985657 0.12229308090280216 0.20671718207384537 0.3355687526308497
1 0.755564640012154 0.32489730064472483 0.6691306402330655 0.18084273373658627 0.5887187499999998 0.26661666666666667 0.6751527497790885 0.41067123357480523
0 0.5826437500000001 0.4741166666666667 0.5058887856654972 0.4606957849278243 0.48759059858282877 0.6467377685896107 0.5643455629173316 0.6601586503284531
0 0.26888225777217656 0.7508373680240272 0.25748904757074775 0.5961727139996752 0.06057343750000001 0.6219604166666668 0.07196664770142884 0.7766250706910187
0 0.6956438771446952 0.36588519628307725 0.581999018356836 0.24932607651732488 0.4854609375000001 0.41665833333333346 0.5991057962878592 0.5332174530990857
0 0.5897218750000002 0.20611250000000003 0.5876517217811073 0.06257707924933889 0.447409375 0.06617291666666665 0.4494795282188929 0.20970833741732778
0 0.44531301369863013 0.1770830764840183 0.42425156249999996 0.10219791666666668 0.3242510488013698 0.15219817351598178 0.3453125 0.2270833333333334
0 0.8308312499999999 0.22378125000000004 0.7475984375 0.0850604166666668 0.65175216025121 0.18729682958160965 0.7349849727512099 0.3260176629149429
1 0.880869671263777 0.5891780660254303 0.7735905935279974 0.4747457997628308 0.6924921874999999 0.6099083333333335 0.7997712652357795 0.7243405995959329
1 0.6679343750000001 0.9730833333333334 0.6602860828928713 0.7793229064638526 0.49634843750000013 0.7908270833333333 0.5039967296071289 0.9845875102028141
1 0.8460937640408701 0.967709550303608 0.8442437400099696 0.8073616341298443 0.6843296634690994 0.8106416671595699 0.6861796874999999 0.9709895833333334
5 0.710996875 0.5707395833333334 0.6091546875 0.4558395833333336 0.5315727159197403 0.5780887692348359 0.6334149034197404 0.6929887692348358
5 0.504928125 0.9724354166666668 0.4905046451815863 0.8762809678833552 0.3676078125 0.9090541666666668 0.38203129231841365 1.0052086154499784
5 0.3359375000000001 0.6604166666666667 0.26427971203259715 0.6574302035289004 0.2612500000000001 0.7866666666666667 0.33290778796740295 0.789653129804433
1 0.5187908389963408 0.4570635128071093 0.496875 0.3 0.3405841610036592 0.33876982052622406 0.3625 0.49583333333333335
2 0.39691554930795847 0.8176794982698963 0.28562121539792384 0.7725165801614763 0.2377649221453287 0.9821727220299884 0.34905925605536336 1.0273356401384082
