1 0.843884615384615 0.6761474358974358 0.837836538461538 0.5309935897435897 0.7242115384615382 0.5394102564102564 0.7302596153846153 0.6845641025641025
1 0.9931720492565059 0.3941023853779432 0.9032615009293682 0.3784657682775715 0.8908370120817846 0.5054716542750932 0.9807475604089223 0.521108271375465
1 0.73125 0.5416666666666667 0.6796875 0.5416666666666666 0.6796875 0.6520833333333336 0.73125 0.6520833333333337
1 0.6859374999999999 0.4250000000000001 0.6351562499999999 0.3572916666666667 0.5664062499999998 0.44895833333333346 0.6171874999999999 0.5166666666666669
1 0.6948546974522293 0.27665870488322736 0.5997710987261147 0.2393710191082804 0.5712082006369426 0.3688561571125267 0.6662917993630572 0.4061438428874736
3 0.8286305021286298 0.8187527241396789 0.6716888398966091 0.4472653438751207 0.5594183328265163 0.5315866529826165 0.716359995058537 0.9030740332471747
3 0.619375 0.4254166666666669 0.5468749999999999 0.3770833333333335 0.4218749999999999 0.7104166666666669 0.49437499999999995 0.7587500000000003
3 0.9468574438202249 0.32837078651685414 0.7406776685393257 0.1565543071161051 0.6701018258426965 0.3071161048689143 0.8762816011235955 0.4789325842696633
7 0.9284914096743895 0.7115548685034441 0.8334597096117722 0.6816054842412859 0.8052422510958046 0.8407808912544354 0.9002739511584219 0.8707302755165938
7 0.6172070258261593 0.6578120660927519 0.6156249999999999 0.5312499999999998 0.5522051166342682 0.5326593307414604 0.5537871424604276 0.6592213968342125
2 0.9984375 0.23541666666666697 0.8875 0.23541666666666694 0.8875 0.3833333333333336 0.9984375 0.3833333333333336
2 0.9647857102656461 0.5513648131472311 0.8557237730751914 0.5061243058682278 0.821320632597929 0.6535663364850672 0.9303825697883836 0.6988068437640707
0 0.8568426724137929 0.4530172413793106 0.7752801724137928 0.356350574712644 0.702090517241379 0.4661350574712646 0.783653017241379 0.5628017241379312
0 0.7366702586206896 0.13202586206896577 0.6288254310344827 0.12004310344827604 0.6198060344827586 0.26435344827586227 0.7276508620689655 0.27633620689655203
0 0.8221623681608439 0.38802049000219746 0.8064111939683587 0.31381495825093386 0.7091597313777191 0.350513623379477 0.7249109055702043 0.4247191551307406
0 0.8550871180410212 0.6893548555881124 0.7904235558811217 0.6380345681596205 0.7467337275010462 0.7358997837309893 0.8113972896609457 0.7872200711594812
5 0.7400760135135137 0.5331081081081082 0.7252111486486489 0.41418918918918934 0.6704814189189191 0.42635135135135144 0.6853462837837838 0.5452702702702703
5 0.7921875 0.13333333333333358 0.7375 0.13333333333333358 0.7375 0.21458333333333357 0.7921875 0.21458333333333357
1 0.9518573113207545 0.23262578616352206 0.9243808962264148 0.10440251572327064 0.8187205188679243 0.14465408805031466 0.8461969339622641 0.2728773584905661
