3 0.5688456521528692 0.3726044006040425 0.275216472740649 0.23000303311907902 0.24315878378378378 0.34735360360360373 0.536787963196004 0.4899549710885672
3 0.6224999999999999 0.894166666666667 0.4475548986486487 0.45356418918918917 0.32371621621621616 0.5409797297297297 0.4986613175675675 0.9815822072072076
3 0.7406250000000001 0.6958333333333336 0.6686249999999999 0.6238333333333336 0.495 0.9325 0.5670000000000002 1.0045000000000002
0 0.28984375000000007 0.3322916666666666 0.1828125 0.18958333333333327 0.08046874999999998 0.3260416666666667 0.18750000000000006 0.46875
0 0.5962033371040724 0.5311934389140273 0.49844457013574656 0.4126979638009051 0.4244909502262443 0.5211632730015084 0.5222497171945701 0.6396587481146306
0 0.2736146907216495 0.7802190721649485 0.210985824742268 0.592332474226804 0.09921069587628864 0.6585695876288659 0.1618395618556701 0.8464561855670103
0 0.335625 0.9200000000000002 0.27249999999999996 0.7516666666666667 0.15499999999999997 0.83 0.21812500000000004 0.9983333333333334
1 0.3846260336680449 0.4245434632801733 0.2543174099232133 0.340018950580823 0.19740290903721208 0.4960068418980114 0.3277115327820437 0.5805313545973617
1 0.522925480769231 0.17566987179487203 0.4259495192307693 0.11383012820512835 0.376 0.25308333333333344 0.47297596153846166 0.3149230769230772
1 0.2242398648648649 0.6251689189189189 0.2041385135135135 0.4643581081081081 0.056418918918918926 0.49718468468468474 0.0765202702702703 0.6579954954954955
1 0.4540820029027577 0.9003416787614903 0.4082728592162555 0.7094702467343978 0.2583159470246734 0.7734518626028061 0.3041250907111756 0.9643232946298986
1 0.6457974137931035 0.7464080459770116 0.5973060344827588 0.5847701149425288 0.5172952586206896 0.6274425287356326 0.5657866379310346 0.7890804597701153
1 0.6399999999999999 0.3775000000000001 0.5635937500000001 0.34354166666666686 0.5331250000000001 0.465416666666667 0.6095312499999999 0.49937500000000024
2 0.615528350515464 0.2340850515463919 0.5160599226804123 0.1830756013745706 0.4748630798969072 0.32589132302405516 0.5743315077319588 0.37690077319587645
7 0.16312500000000002 0.4558333333333333 0.0984375 0.2833333333333333 -0.011562500000000031 0.3566666666666667 0.053125 0.5291666666666667
7 0.7037397540983606 0.5465163934426233 0.6209016393442622 0.45447404371584704 0.5457223360655736 0.5747609289617486 0.628560450819672 0.6668032786885248
5 0.4171875 0.60625 0.3015625000000002 0.60625 0.3015625000000002 0.7354166666666667 0.4171875 0.7354166666666667
7 0.49843750000000026 0.9020833333333333 0.34687500000000016 0.9020833333333333 0.34687500000000016 0.9979166666666667 0.49843750000000037 0.9979166666666667
1 0.3351116287512101 0.5492457244272344 0.2188967207163602 0.5347188609228782 0.20896811471442409 0.6759257018393029 0.32518302274927396 0.6904525653436591
