5 0.5011794747081713 0.4290045395590143 0.4216074902723735 0.42237354085603124 0.41477383268482493 0.568158236057069 0.49434581712062264 0.5747892347600521
3 0.8101833140877599 0.44874903772132413 0.5847502886836027 0.022931100846805327 0.468194284064665 0.13263086989992318 0.6936273094688221 0.558448806774442
3 0.604525 0.39390000000000014 0.50855 0.3706333333333334 0.4513 0.7904666666666668 0.547275 0.8137333333333334
3 0.7687510813148789 0.8854714532871975 0.7662110726643598 0.7567776816608998 0.48848399653979246 0.766522491349481 0.4910240051903115 0.8952162629757788
7 0.43620305888575495 0.6954498707099201 0.3061453191114246 0.662642512929008 0.2842394657968971 0.8170266220028211 0.41429720557122734 0.8498339797837332
7 0.8218750000000001 0.5812500000000004 0.6796875000000001 0.5812500000000003 0.6796875 0.7416666666666669 0.821875 0.741666666666667
7 0.4528308477852067 0.003745734085527356 0.3571602068533221 -0.005497806101128185 0.34744273662766395 0.1733036460509821 0.44311337755954855 0.18254718623763766
7 0.7719711538461539 0.10647435897435914 0.6536418269230768 0.063445512820513 0.6248677884615385 0.20411858974359004 0.7431971153846154 0.24714743589743618
2 0.9609375000000002 0.32708333333333367 0.8703125 0.20625 0.7609374999999998 0.35208333333333347 0.8515625 0.47291666666666715
2 0.7777546916890079 0.2725994191242183 0.6807305630026808 0.1553619302949062 0.6241446045576405 0.23861483467381592 0.7211687332439678 0.355852323503128
0 0.3990463362068966 0.31119971264367835 0.2763092672413794 0.3015732758620691 0.26900323275862076 0.4671767241379311 0.391740301724138 0.47680316091954034
0 0.565625 0.012500000000000155 0.43125 0.012500000000000145 0.43125 0.19791666666666685 0.565625 0.19791666666666688
0 0.7291230106100796 0.4989809902740937 0.6055852122015914 0.40795313881520784 0.5431457228116711 0.5586007957559682 0.6666835212201592 0.6496286472148541
1 0.47043331185567006 0.6525021477663233 0.4226320876288659 0.4867912371134022 0.3035840850515464 0.5478414948453609 0.35138530927835054 0.713552405498282
1 0.8976791857798163 0.1987824923547403 0.8259934059633025 0.0629568042813456 0.7164994266055045 0.1656918960244648 0.7881852064220183 0.3015175840978595
1 0.5770842596709651 0.3502751222765672 0.5313354546465098 0.1831925300133392 0.43219764339706535 0.2314500889284127 0.4779464484215207 0.3985326811916407
1 0.4804687500000001 0.2656250000000002 0.3921875 0.14791666666666675 0.309375 0.25833333333333347 0.3976562500000001 0.3760416666666669
1 0.8950735294117648 0.4441421568627453 0.7749632352941176 0.40855392156862763 0.7513235294117646 0.5503921568627452 0.8714338235294117 0.5859803921568629
