2 0.7789066145939296 0.5635417638906249 0.6394828125 0.5263625000000001 0.6175480729060704 0.6725957361093753 0.756971875 0.7097750000000003
2 0.540809375 0.5448520833333333 0.40698420430142024 0.50024525562071 0.387866819864304 0.602208210792394 0.5216919905628837 0.6468150385050173
2 0.42555156250000004 0.4074750000000001 0.3244478171806905 0.37377479323328805 0.3031250000000001 0.4875000000000001 0.40422874531930975 0.5212002067667122
3 0.6817204549831609 0.31547278911135124 0.6275796875000001 0.20795833333333338 0.37430396438716224 0.43469856401955814 0.428444731870323 0.542213019797576
5 0.7168265987711783 0.530929143758392 0.6756890625 0.4151354166666667 0.5775593387288218 0.47711252290827477 0.618696875 0.5929062500000001
7 0.37109375000000006 0.5218750000000001 0.24265625000000007 0.46479166666666666 0.22265625000000006 0.5447916666666667 0.35109375000000004 0.6018750000000002
7 0.6399509282428558 0.5786796250572087 0.5677375 0.5430187500000001 0.5474193842571443 0.6161641249427916 0.6196328125000001 0.6518250000000002
7 0.4427953125000001 0.3811604166666667 0.39094340034630776 0.3403070389553023 0.3664934003463077 0.3954757889553024 0.41834531250000007 0.4363291666666668
1 0.6245124999999999 0.46304375000000003 0.5771587470515227 0.34729212336432635 0.5166196845515229 0.3913212900309931 0.5639734375 0.5070729166666668
1 0.5172734374999999 0.30472708333333337 0.4673251360673655 0.21449778275926498 0.38529999999999986 0.2952208333333333 0.4352483014326342 0.38545013390740174
1 0.5907598771104092 0.4426377869256897 0.48119662281527303 0.38002902255836823 0.4382 0.51379375 0.5477632542951362 0.5764025143673216
1 0.6309921874999999 0.6348770833333333 0.5325545220588236 0.6057103676470589 0.5259 0.6456375000000001 0.6243376654411763 0.6748042156862745
0 0.9164921874999999 0.36348749999999996 0.867392323524982 0.22320505426934384 0.7695360735249821 0.2840946376026772 0.8186359375000001 0.4243770833333334
0 0.8801375 0.41298541666666694 0.8102734375 0.3780541666666669 0.7877995631020547 0.45796306278844046 0.8576636256020546 0.4928943127884404
0 0.615625 0.5645833333333333 0.5911693933273936 0.490672538241436 0.5316193933273936 0.5257017049081026 0.556075 0.5996125000000002
0 0.4078125 0.5833333333333334 0.3659375 0.47166666666666673 0.32406250000000003 0.4995833333333334 0.3659375000000001 0.61125
0 0.728153125 0.3370229166666668 0.6032896909580553 0.32421657086869177 0.595440625 0.4602687500000001 0.7203040590419446 0.47307509579797513
0 0.7198011314655173 0.2717318965517242 0.62683125 0.21860625000000003 0.6012926185344827 0.2980597701149426 0.6942625 0.35118541666666675
1 0.8894437500000001 0.5088166666666668 0.7774745462646722 0.4385617022541626 0.7193651712646721 0.6032054522541626 0.831334375 0.6734604166666668
3 0.8031761012080141 0.46658379984286 0.7496441330288744 0.40789690139461793 0.6841834855627578 0.5140493026910234 0.7377154537418973 0.5727362011392655
3 0.787825 0.4651875000000001 0.7310457390186536 0.42012404460987374 0.6853109374999999 0.5225687500000001 0.7420901984813464 0.5676322053901265
3 0.819375 0.7058333333333334 0.771875 0.6187500000000002 0.7335979729729729 0.6558671171171172 0.7810979729729729 0.7429504504504505
1 0.8210614185171441 0.4269685094928826 0.7825984375 0.29021041666666664 0.6964682363037104 0.3332752568465916 0.7349312173208544 0.4700333496728076
1 0.8208313789868669 0.6993355222013758 0.7457874061913696 0.6906347717323327 0.7437060272045029 0.7225492495309569 0.81875 0.7312500000000001
