2 0.37955440113577693 0.8859415332989157 0.37706020908621574 0.7396155997246598 0.2310773748064016 0.7440393219755633 0.2335715668559628 0.8903652555498192
2 0.39259129213483146 0.5087780898876406 0.3628335674157303 0.44529494382022483 0.29415379213483145 0.5025280898876405 0.32391151685393255 0.5660112359550563
3 0.5046067297751358 0.7132479322822437 0.27405882495476874 0.4517309059188422 0.178550861010597 0.6014159020418715 0.40909876583096405 0.862932928405273
3 0.5875 0.43958333333333355 0.490625 0.43958333333333355 0.490625 0.7 0.5875 0.7
3 0.2640625000000002 0.6 0.14062500000000008 0.6 0.1406250000000001 0.7375 0.2640625000000002 0.7375
3 0.6055864726027396 0.749029680365297 0.5811857876712325 0.662271689497717 0.4640624999999998 0.7208333333333334 0.4884631849315067 0.8075913242009135
5 0.10156250000000004 0.2 0.051562500000000046 0.2 0.051562500000000046 0.25833333333333336 0.10156250000000007 0.25833333333333336
5 0.5147341628959275 0.576659125188537 0.42208710407239813 0.5325414781297134 0.3958215497737556 0.6305995475113123 0.488468608597285 0.6747171945701358
7 0.23743495475113127 0.5839046003016592 0.1997546662895928 0.47020267722473613 0.09806136877828056 0.5301150075414782 0.135741657239819 0.6438169306184013
7 0.421875 0.4666666666666669 0.3859375 0.4666666666666669 0.38593750000000004 0.5229166666666669 0.421875 0.5229166666666669
1 0.5015625 0.45208333333333356 0.409375 0.45208333333333356 0.409375 0.5541666666666667 0.5015625 0.5541666666666667
1 0.25312500000000004 0.5250000000000001 0.23709319526627218 0.516198224852071 0.21353550295857984 0.5924802761341224 0.22956730769230776 0.6012820512820514
1 0.3197112484921592 0.8972104945717733 0.3083270506634499 0.8562273823884198 0.20420687575392038 0.9076447527141133 0.2155910735826297 0.9486278648974669
0 0.7870891133896262 0.6556041415359872 0.760720747889023 0.560678025733816 0.6432166013268998 0.6187047647768398 0.6695849668275031 0.713630880579011
0 0.6601772616136921 0.517868785656072 0.5871332518337409 0.5032599837000817 0.5727727689486554 0.630908720456398 0.6458167787286065 0.6455175224123882
0 0.42049632352941185 0.5823529411764707 0.31534926470588254 0.5473039215686276 0.29788602941176484 0.6404411764705884 0.40303308823529427 0.6754901960784316
1 0.6909557481751823 0.7059002433090027 0.6620323905109488 0.5998479318734795 0.5710766423357663 0.6439476885644771 0.5999999999999999 0.7500000000000003
1 0.5078125 0.7958333333333335 0.4859375 0.7229166666666669 0.37036637931034483 0.7845545977011497 0.39224137931034486 0.8574712643678163
1 0.42423076923076924 0.5313782051282054 0.348139423076923 0.495570512820513 0.33068749999999997 0.5615000000000002 0.4067788461538462 0.5973076923076925
1 0.2887745921305185 0.7347888675623804 0.21883697216890616 0.6835012795905312 0.15800443857965454 0.8309740882917467 0.22794205854126687 0.882261676263596
