7 0.37035208243881507 0.7715766781165022 0.24150923142979835 0.7536818376985831 0.23000013417775883 0.9009982825246887 0.35884298518677554 0.9188931229426077
7 0.7462970890410957 0.7083618721461192 0.6581977739726027 0.5992865296803658 0.5741095890410959 0.7200285388127856 0.6622089041095889 0.8291038812785392
7 0.3536382661748013 0.10098798713583061 0.2592455306469921 0.0876395194854333 0.24563635073779796 0.2587263526295877 0.34002908626560724 0.27207482027998503
7 0.6584558823529414 0.1882352941176473 0.5481617647058825 0.15147058823529433 0.5223345588235295 0.28921568627451 0.6326286764705884 0.32598039215686303
0 0.4661127417127073 0.1209772099447515 0.337029523480663 0.11191873848987123 0.3300716505524862 0.28818485267035016 0.45915486878453055 0.2972433241252304
0 0.6331188861716319 0.5686008596413223 0.5131134670964874 0.4941788943234034 0.4630495497999111 0.6376954572402554 0.5830549688750557 0.7121174225581745
0 0.33257004310344823 0.446587643678161 0.21961206896551727 0.38204022988505754 0.17225215517241377 0.529382183908046 0.28521012931034473 0.5939295977011495
0 0.34278548890872007 0.5844419301376849 0.2878764820244773 0.4924576109127995 0.18587774094849568 0.6007011728709841 0.24078674783273848 0.6926854920958694
2 0.8341645077720209 0.3731001727115719 0.7294365284974094 0.29164507772020737 0.6598445595854922 0.45071243523316096 0.7645725388601037 0.5321675302245255
2 0.6651943597560976 0.3455843495934962 0.5595274390243902 0.2544207317073172 0.5149237804878048 0.3463313008130082 0.6205907012195122 0.4374949186991872
3 0.7051288986640327 0.5151891643786697 0.4828689500602691 0.1827655890756492 0.3900783918167815 0.2930592758766938 0.6123383404205451 0.6254828511797144
3 0.5095797413793105 0.4675574712643679 0.4197090517241381 0.4575718390804598 0.39489224137931045 0.8546408045977011 0.48476293103448287 0.8646264367816092
3 0.7433124999999998 0.9000833333333335 0.7293124999999999 0.7694166666666665 0.42437499999999995 0.8274999999999999 0.4383749999999999 0.9581666666666667
5 0.419689346381093 0.6513140078778926 0.41560422821270304 0.509696578040374 0.33807468611521424 0.5136724519940914 0.34215980428360415 0.65528988183161
1 0.4028762975778547 0.7248990772779702 0.3421496539792387 0.5730824682814303 0.2329098183391003 0.6507641291810843 0.29363646193771625 0.8025807381776243
1 0.7753676470588233 0.25845588235294137 0.6868382352941174 0.1572794117647059 0.6078676470588232 0.2801225490196078 0.6963970588235291 0.38129901960784335
1 0.6090819658405894 0.6937876758204955 0.501387726054923 0.6673364590310337 0.4801061202277294 0.8213747488278632 0.5878003600133959 0.8478259656173253
1 0.48077765010472434 0.43928467535489896 0.43424518559460107 0.2815913234039253 0.3462968350011636 0.32772816305949887 0.39282929951128687 0.48542151501047265
1 0.3847388698630138 0.31518264840182675 0.27278467465753425 0.24733162100456635 0.2268728595890411 0.38200627853881286 0.33882705479452063 0.44985730593607326
1 0.7906402439024389 0.5173170731707323 0.6968064024390245 0.45957317073170784 0.6539100609756099 0.58349593495935 0.7477439024390243 0.6412398373983745
1 0.2895274212368729 0.7258484052897707 0.2309856330221704 0.6667152858809803 0.17257420507584603 0.769519399066511 0.23111599329054858 0.8286525184753015
