3 0.7284328531598513 0.6211586121437424 0.4628078531598513 0.1607419454770756 0.33232458178438656 0.2945709417596036 0.5979495817843865 0.7549876084262703
3 0.0007995628430795511 0.0011776266584780325 0.0006246222057481754 0.001157441200324412 0.0005640498679149749 0.0020907038869396478 0.0007389905052463507 0.0021108893450932685
3 0.7468750000000002 0.8916666666666669 0.4312500000000002 0.8916666666666668 0.4312500000000002 0.9979166666666668 0.7468750000000002 0.9979166666666669
7 0.32086171180274864 0.13475714093236338 0.20214430072756673 0.10186573699811378 0.17098423605497173 0.3018094853139317 0.2897016471301536 0.33470088924818125
5 0.39743013431542457 0.7719309647602544 0.3923012348353553 0.6078061813980358 0.2889650129982669 0.6135470826112073 0.2940939124783361 0.7776718659734259
1 0.37740287162162167 0.8690146396396394 0.3054560810810811 0.6878153153153153 0.17192567567567563 0.7820720720720722 0.24387246621621622 0.9632713963963965
1 0.3499028497409328 0.3936744386873922 0.22360751295336798 0.29544473229706397 0.15560233160621767 0.45088514680483616 0.2818976683937825 0.5491148531951643
1 0.46674274744027294 0.5385821956769057 0.41630119453924896 0.3523364618885097 0.30595136518771315 0.4054678612059159 0.35639291808873713 0.5917135949943119
1 0.8164953859060402 0.361479306487696 0.7394924496644295 0.2148070469798658 0.6236157718120804 0.3229586129753915 0.7006187080536911 0.4696308724832218
1 0.8145355504587155 0.6124808868501529 0.7002866972477063 0.5667813455657494 0.6701404816513762 0.7007645259938841 0.7843893348623853 0.7464640672782876
1 0.6166608146067417 0.8259597378277156 0.4931882022471911 0.7879681647940076 0.46332514044943823 0.9605102996254682 0.5867977528089888 0.9985018726591761
0 0.28257521489971366 0.5236389684813754 0.1412249283667623 0.4712870105062082 0.10231912607449867 0.6580348615090734 0.24366941260745004 0.7103868194842407
0 0.45745192307692306 0.16842948717948727 0.2976442307692308 0.14179487179487188 0.27778846153846154 0.3535897435897437 0.43759615384615386 0.3802243589743591
0 0.6433465657311669 0.6864309453471198 0.5045591765140325 0.6026347858197932 0.4495887186115213 0.7644922451994092 0.5883761078286558 0.8482884047267357
0 0.30505203109328 0.6934139919759282 0.24353874122367108 0.5866002173186227 0.11749310431293888 0.7156469408224676 0.1790063941825478 0.8224607154797731
7 0.6739889705882354 0.23664215686274528 0.5434742647058823 0.19313725490196093 0.5136029411764705 0.35245098039215694 0.6441176470588236 0.3959558823529413
7 0.7468750000000002 0.7479166666666669 0.6015625000000001 0.7479166666666668 0.6015625 0.9291666666666668 0.7468750000000001 0.9291666666666669
7 0.3328125000000002 0.90625 0.17968750000000017 0.90625 0.17968750000000017 0.9979166666666667 0.3328125000000002 0.9979166666666667
2 0.6751720183486241 0.46951452599388394 0.5744839449541286 0.32687308868501525 0.5185808486238532 0.397025993883792 0.6192689220183487 0.5396674311926606
2 0.884375 0.49375000000000024 0.7867187499999997 0.36354166666666676 0.6726562499999998 0.5156250000000002 0.7703125 0.6458333333333337
1 0.2268660926365796 0.9457610847189232 0.1916931413301663 0.7870318685669042 0.11154468527315915 0.8186055027711797 0.14671763657957249 0.9773347189231988
