3 0.459375 0.33958333333333346 0.37250000000000005 0.28166666666666684 0.228125 0.6666666666666669 0.315 0.7245833333333336
3 0.686140677194048 0.7479719607247699 0.5251790730337078 0.37770131086142317 0.41064279342544785 0.4662176713230084 0.571604397585788 0.8364883211863551
3 0.7873114224137933 0.24155890804597727 0.5662984913793103 0.11526580459770133 0.5165948275862069 0.2698994252873565 0.7376077586206897 0.39619252873563243
1 0.5523061987104336 0.2447977725674092 0.4711624413833528 0.16012602579132487 0.4043614449003517 0.2739351309105121 0.48550520222743254 0.3586068776865964
1 0.5249726875455207 0.3701596261228455 0.46780772032046614 0.3017571012381647 0.4018083120903131 0.39981336489439206 0.45897327931536774 0.46821588977907286
1 0.6958701923076923 0.6133846153846153 0.6898269230769231 0.4683461538461538 0.5772403846153844 0.47668589743589745 0.5832836538461537 0.6217243589743588
1 0.78125 0.07708333333333357 0.6875 0.07708333333333357 0.6875 0.21250000000000024 0.78125 0.21250000000000024
1 0.8470813679245284 0.34382861635220147 0.7571049528301887 0.30955188679245305 0.7306898584905661 0.43282232704402546 0.8206662735849057 0.4670990566037739
1 0.8754895386266096 0.13100858369098742 0.7914867221030041 0.10434102288984289 0.7763311427038625 0.18921226752503603 0.8603339592274679 0.2158798283261806
1 0.43935676816786107 0.6259574377345618 0.3751535312180143 0.5599198225861481 0.33082858879222105 0.6365308341862848 0.39503182574206774 0.7025684493346984
7 0.7966151531728667 0.6268189277899349 0.6927926695842452 0.6004513129102848 0.669953501094092 0.7603254923413569 0.7737759846827135 0.7866931072210069
7 0.4694638324873096 0.61540820642978 0.4618575507614214 0.4734242808798646 0.3786881345177665 0.4813451776649745 0.38629441624365474 0.6233291032148899
7 0.6937500000000001 0.10833333333333359 0.6384896253021759 0.0999127048079508 0.6322396253021758 0.17282937147461747 0.6875000000000001 0.18125000000000027
0 0.7093467194570136 0.38879147812971343 0.6318085407239817 0.29480580693815983 0.5588447398190044 0.4018193815987935 0.6363829185520362 0.49580505279034714
0 0.5896772540983608 0.16181693989071028 0.5252561475409838 0.058743169398906996 0.4522540983606559 0.13985655737704908 0.516675204918033 0.24293032786885238
0 0.6954522763578275 0.6254925452609162 0.617031749201278 0.595224973375932 0.5981419728434505 0.6822324281150162 0.6765625 0.7125000000000004
5 0.5869247611464969 0.48144108280254777 0.5705324442675159 0.35966958598726106 0.5200358280254778 0.37175424628450104 0.5364281449044588 0.4935257430997877
5 0.6293464693295292 0.16138552068473602 0.6201743045649072 0.0977918449833571 0.5723051890156917 0.11006597717546368 0.5814773537803137 0.1736596528768426
2 0.8753916855203621 0.2902828054298643 0.848552036199095 0.1630429864253393 0.7219004524886878 0.21053733031674207 0.7487401018099548 0.33777714932126707
2 0.8286410550458718 0.48312308868501563 0.7096616972477066 0.4355313455657496 0.6777092889908258 0.5775420489296639 0.7966886467889911 0.6251337920489299
