3 0.7882136198342014 0.5454574229303423 0.6166871475238066 0.02810249673847173 0.4722020516810995 0.11326395523231335 0.6437285239914943 0.6306188814241838
3 0.556576121123219 0.4191219614417438 0.4607253248113999 0.3672027801061751 0.3098032795473595 0.8625366722548198 0.4056540758591787 0.9144558535903885
3 0.0010942726880319945 0.0018780114779399096 0.0005698776547630851 0.0017181958487531943 0.0005193903584093226 0.0020127050774834763 0.0010437853916782321 0.002172520706670192
5 0.44516688697951085 0.43028613130645527 0.36561260740251156 0.3958842806785636 0.32810021480502305 0.5501018946904603 0.4076544943820224 0.5845037453183521
7 0.31885046273745743 0.7006494560805326 0.1704350340964444 0.6205522406234779 0.11676662201656121 0.7973423039454457 0.2651820506575743 0.8774395194025005
7 0.7810661764705882 0.7031862745098041 0.6174448529411765 0.6547058823529411 0.5860845588235294 0.8428676470588239 0.7497058823529411 0.8913480392156868
7 0.45625 1.3692750637043598e-16 0.36412381158167667 -0.004848746758859009 0.3591632454624027 0.1627081532699511 0.45128943388072595 0.16755690002881027
7 0.8015320121951222 0.17578252032520353 0.6786661585365854 0.10017276422764244 0.6280868902439025 0.24629065040650436 0.7509527439024393 0.32190040650406543
0 0.5859375 1.5627003426619874e-16 0.434375 1.4389599889981402e-16 0.434375 0.1812500000000002 0.5859375 0.18125000000000022
0 0.37450579073482426 0.3518903088391907 0.2732078674121406 0.20557108626198087 0.17320287539936097 0.3286541533546326 0.2745007987220447 0.47497337593184247
0 0.6665528846153846 0.4714807692307694 0.5100913461538462 0.45989102564102574 0.5011490384615385 0.6745064102564106 0.657610576923077 0.6860961538461542
1 0.3593750000000001 0.6791666666666667 0.35937500000000006 0.47916666666666663 0.20781250000000004 0.4791666666666667 0.2078125000000001 0.6791666666666667
1 0.5480380735354363 0.3671138877509217 0.5241579398811963 0.16738913355182303 0.40790947613682926 0.1920989519322682 0.43178960979106923 0.39182370613136686
1 0.46472287735849066 0.23808176100628944 0.37255896226415103 0.10402515723270449 0.2821344339622642 0.2145440251572328 0.3742983490566038 0.3486006289308178
1 0.9240625 0.2891666666666668 0.8615624999999998 0.1224999999999999 0.7265624999999997 0.21250000000000005 0.7890624999999999 0.379166666666667
1 0.6246720881427074 0.7182493878978664 0.49365162644281224 0.6371414830360266 0.42776921563483744 0.8263422525358517 0.5587896773347325 0.9074501573976915
1 0.8936792452830191 0.6125864779874217 0.8045636792452833 0.48296383647798763 0.7050117924528305 0.6046383647798744 0.7941273584905664 0.7342610062893085
2 0.9769359756097561 0.45323170731707324 0.8972865853658536 0.2891056910569106 0.7476943597560977 0.41816565040650405 0.82734375 0.5822916666666667
2 0.7587155963302753 0.37098623853211005 0.6906823394495414 0.20252293577981645 0.6331923738532109 0.24379778287461776 0.7012256307339448 0.4122610856269114
