2 0.6312500000000001 0.7916666666666666 0.5 0.7916666666666666 0.5000000000000001 0.9729166666666667 0.6312500000000002 0.9729166666666667
2 0.4140625 0.70625 0.2531250000000001 0.70625 0.2531250000000001 0.8833333333333333 0.4140625 0.8833333333333333
2 0.29828298071695913 0.8016355546894791 0.21894989997357958 0.7365423858891915 0.1448622317566206 0.8970672478663791 0.22419531250000016 0.9621604166666666
2 0.39153625181785723 0.7129436580041821 0.3749359375 0.6121125000000001 0.23703093568214273 0.6524750919958179 0.25363125000000003 0.75330625
2 0.277690877911356 0.44055639050537915 0.13601093749999998 0.36184583333333337 0.08247943458864401 0.5331477761612876 0.22415937500000002 0.6118583333333334
3 0.6100750000000001 0.5364687499999999 0.5254296983197342 0.5297164255409013 0.513075 0.80505 0.5977203016802659 0.8118023244590987
3 0.32859375000000013 0.5293750000000002 0.30843750000000003 0.5204166666666669 0.27999999999999997 0.6341666666666668 0.30015625 0.6431250000000001
3 0.522575 0.8081020833333334 0.518698422720497 0.6478514723757228 0.479978125 0.6495166666666666 0.483854702279503 0.8097672776242774
3 0.5795890625 0.4144854166666667 0.5631379422894 0.34015190931506 0.4323390625 0.3916145833333333 0.44879018271060006 0.4659480906849401
3 0.5541359375 0.3591958333333333 0.45704435915036423 0.18922388479735355 0.1661646716503643 0.48461346813068695 0.2632562500000001 0.6545854166666667
5 0.453365625 0.20256458333333344 0.3826931089716738 0.061217930923457446 0.3145431089716738 0.12179501425679078 0.385215625 0.2631416666666668
7 0.23479543252761506 0.6986375436465292 0.05115312500000004 0.6318583333333333 0.00568425497238505 0.8541499563534707 0.18932656250000005 0.9209291666666668
7 0.27787304668945273 0.298660833275406 0.15650283792763306 0.2555061479278541 0.129271875 0.3916583333333334 0.2506420837618197 0.43481301868088534
7 0.507271875 0.8368479166666667 0.5050693746438627 0.6899895666789984 0.39489374999999993 0.6929270833333333 0.39709625035613727 0.8397854333210015
7 0.6522160066288618 0.6543267971134452 0.6227140625 0.5843958333333332 0.5661852698463432 0.6267921674038334 0.5956872139752051 0.6967231311839455
1 0.453125 0.5000000000000001 0.3046875000000001 0.5 0.3046875000000001 0.69375 0.453125 0.69375
1 0.6729813921182828 0.5004109377725369 0.6326077721399332 0.35237276867819284 0.5543218750000001 0.39032916666666667 0.5946954949783496 0.5383673357610107
1 0.3640625 0.1333333333333334 0.21875 0.1333333333333334 0.21875 0.3270833333333334 0.3640625 0.32708333333333345
0 0.7564 0.42432291666666677 0.7020593749999999 0.29149375 0.6114149044070144 0.3574187246077951 0.6657555294070144 0.49024789127446183
0 0.593996875 0.24114791666666674 0.48069531249999997 0.1775395833333334 0.4421654691868325 0.2995499125253379 0.5554670316868325 0.36315824585867135
0 0.6151389364168348 0.4705989939880899 0.5088328125 0.39086875000000004 0.4446950630221262 0.5428977295567334 0.5510011869389609 0.6226279735448234
0 0.5226562884221313 0.5447911031420766 0.4261531250000001 0.5330937500000001 0.4152796490778689 0.6925713968579236 0.5117828125000001 0.7042687500000001
1 0.4722846950033718 0.4020646389863085 0.33735156250000004 0.3785979166666667 0.32343717999662835 0.5208332776803583 0.45837031250000015 0.5443000000000001
1 0.7046875 0.6645833333333333 0.5921875 0.6645833333333333 0.5921875 0.8104166666666667 0.7046875 0.8104166666666667
1 0.51426875 0.8415875 0.37889165005739434 0.8077436156408994 0.3560734375000001 0.9700083333333333 0.4914505374426058 1.003852217692434
5 0.3630468796551124 0.8850166255500437 0.26325625000000014 0.8649312500000002 0.2543404291985346 0.9436808960975808 0.3541310588536469 0.9637662716476243
5 0.26427343750000004 0.63789375 0.2113170769299897 0.6261258845762215 0.1970436394299897 0.7403154679095549 0.25000000000000006 0.7520833333333334
0 0.21738934034469604 0.5582209867147998 0.056882812500000046 0.5448437499999998 0.0499996187855251 0.6916666348947733 0.21050614663022107 0.7050438716095734
1 0.6421875000000001 0.9125 0.5093750000000001 0.9125 0.5093750000000001 0.9979166666666667 0.6421875000000001 0.9979166666666667
