3 0.0006710016502275712 0.002090316897157572 0.0006038528653785882 0.0011407381215153883 0.0004442781484741712 0.0011607989430690864 0.000511426933323154 0.00211037771871127
3 0.6933902516699495 0.7226284398104538 0.47732160443607097 0.5298112742999058 0.4039488685021838 0.6759812737289831 0.6200175157360623 0.868798439239531
3 0.6518698770491804 0.26007513661202203 0.3643314549180328 0.22522199453551928 0.35390625000000003 0.3781250000000002 0.6414446721311476 0.412978142076503
0 0.3958504098360655 0.2745560109289619 0.29395491803278684 0.16133879781420782 0.2158299180327868 0.28633879781420785 0.3177254098360655 0.3995560109289619
0 0.600673429067078 0.39892540478026217 0.48635191788743254 0.3946912747365718 0.4832594448727834 0.5431299794397331 0.5975809560524288 0.5473641094834234
0 0.35234375 0.6572916666666667 0.31140624999999994 0.49354166666666655 0.23031249999999992 0.5295833333333333 0.27125 0.6933333333333335
0 0.49595381692002666 0.36963675919806144 0.4112091044282883 0.36758234192553446 0.40926863020489107 0.5098837849746642 0.49401334269662944 0.5119382022471912
7 0.7546875000000002 0.5791666666666669 0.6546875000000001 0.5791666666666668 0.6546875 0.7166666666666669 0.7546875000000001 0.716666666666667
7 0.4853277128093554 0.23303191007161636 0.4675576217024748 0.13318092194723957 0.37198548409029103 0.1634184344121112 0.38975557519717163 0.263269422536488
7 0.26203125000000005 0.3606249999999999 0.21968750000000004 0.19124999999999998 0.14281249999999998 0.22541666666666668 0.18515625 0.39479166666666665
2 0.6835699555837563 0.2681524957698816 0.6195907360406091 0.16972292724196278 0.5477910850253807 0.25269141285956015 0.6117703045685279 0.35112098138747894
2 0.715625 0.45208333333333356 0.615625 0.45208333333333356 0.615625 0.5729166666666666 0.715625 0.5729166666666666
5 0.5333590348330915 0.5674014271891631 0.46986347968069664 0.4678005563618771 0.426276759796807 0.5171988388969522 0.48977231494920187 0.6167997097242381
1 0.4349102834740652 0.489010353839968 0.39097557297949337 0.33084539605950947 0.2634970597104946 0.3937977482911138 0.3074317702050664 0.5519627060715724
1 0.3042550883559482 0.515239428841906 0.27903222625433893 0.36109971599873786 0.19238965367623853 0.38630482802145794 0.21761251577784782 0.5404445408646261
1 0.6605981334841629 0.6275169683257922 0.6177106900452487 0.5067967571644042 0.515685096153846 0.5712339743589744 0.55857253959276 0.6919541855203623
1 0.4754915730337079 0.6068820224719104 0.4150105337078652 0.4778558052434458 0.32877457865168536 0.5497191011235957 0.3892556179775281 0.6787453183520602
1 0.6 0.11875000000000017 0.4828125 0.11875000000000017 0.4828125 0.25208333333333355 0.6 0.25208333333333355
1 0.4859375 0.6875 0.3890625000000002 0.6875 0.3890625000000002 0.85625 0.4859375 0.85625
0 0.6627653301886792 0.712696540880503 0.6467275943396227 0.6378537735849057 0.560259433962264 0.6707940251572329 0.5762971698113205 0.7456367924528302
