3 0.598091733025985 0.33366687622240865 0.3049232502095557 0.17486728136350946 0.263293692372171 0.3114976250349261 0.5564621751886002 0.47029721989382534
3 0.5546875 0.7958333333333335 0.43265086206896547 0.41616379310344825 0.33628771551724135 0.4712284482758621 0.4583243534482759 0.8508979885057472
3 0.727176517571885 0.6774494142705009 0.670746805111821 0.595939829605964 0.47352735623003184 0.8386714589989351 0.5299570686900957 0.920181043663472
0 0.3195488061797753 0.2726708801498129 0.23185393258426967 0.13112827715355815 0.1326422050561798 0.24040496254681665 0.2203370786516854 0.3819475655430713
0 0.5954918032786883 0.5057035519125687 0.5132684426229508 0.37414617486338825 0.4218237704918032 0.4757513661202188 0.5040471311475409 0.6073087431693992
0 0.2729292820069204 0.6492502883506347 0.2123323961937716 0.4977580738177626 0.10171388408304502 0.5764201268742792 0.16231076989619386 0.7279123414071513
7 0.7148125000000001 0.5388333333333333 0.6503125 0.42416666666666675 0.5520625 0.522416666666667 0.6165625 0.6370833333333336
7 0.4508783783783784 0.951722972972973 0.41412162162162164 0.7924436936936937 0.2822550675675676 0.8465427927927929 0.3190118243243243 1.005822072072072
7 0.20818140974440896 0.36563032481363167 0.1442801517571885 0.21100505857295 0.04964107428115018 0.28053580937167205 0.11354233226837063 0.4351610756123537
5 0.4165712391513982 0.6380203310832532 0.3518427555448408 0.5199192381870783 0.28622378254580516 0.5838556734169078 0.3509522661523626 0.7019567663130828
1 0.2546875000000001 0.39166666666666666 0.1218750000000001 0.39166666666666666 0.1218750000000001 0.5395833333333333 0.2546875000000002 0.5395833333333333
1 0.3934803201360965 0.38893958140014445 0.2833127126507887 0.288929271058872 0.21913083823074536 0.41461877513145684 0.32929844571605316 0.5146290854727292
1 0.5727071529745044 0.10493389990557155 0.4742829320113315 0.043177525967894356 0.4244953966005666 0.18424220963172813 0.5229196175637395 0.24599858356940532
1 0.41530172413793115 0.7864224137931035 0.36831896551724136 0.6298132183908046 0.2384698275862068 0.6990660919540231 0.2854525862068965 0.855675287356322
1 0.6266385135135137 0.7060585585585586 0.5903885135135136 0.5489752252252252 0.49146114864864865 0.5895608108108109 0.5277111486486487 0.7466441441441443
2 0.6610697115384616 0.16046474358974389 0.5567548076923077 0.12253205128205148 0.5222115384615383 0.2914102564102566 0.6265264423076923 0.329342948717949
1 0.6796285377358491 0.31902515723270464 0.5950176886792454 0.2867924528301889 0.5671285377358493 0.4169418238993713 0.6517393867924529 0.449174528301887
