3 0.541485252808989 0.49941479400749095 0.2678897471910112 0.27141853932584287 0.2168890449438202 0.3802200374531837 0.490484550561798 0.6082162921348319
3 0.44063525711159734 0.9776759664478482 0.37820363785557987 0.5406546316557258 0.27596074945295396 0.5666210795040117 0.33839236870897144 1.0036424142961342
3 0.00100924177771289 0.0017474364802328873 0.0009156066674187724 0.0016017818642198153 0.0005213789211815141 0.0020523278599195393 0.0006150140314756318 0.0021979824759326113
2 0.61953125 0.4031250000000001 0.546875 0.30625 0.4695312499999999 0.4093750000000001 0.5421875 0.5062500000000002
2 0.4637666420118344 0.40261341222879693 0.3778938609467456 0.3549063116370809 0.3643491124260355 0.39824950690335315 0.4502218934911243 0.4459566074950692
7 0.1859146341463415 0.4501422764227642 0.14172314727954974 0.30128674171357095 0.048205323639774804 0.3506433708567855 0.09239681050656656 0.49949890556597876
7 0.6284375000000002 0.7175000000000001 0.5800000000000001 0.5883333333333333 0.475 0.6583333333333333 0.5234375000000001 0.7875000000000002
7 0.3031250000000002 0.9041666666666667 0.16406250000000017 0.9041666666666667 0.16406250000000017 0.9979166666666667 0.3031250000000002 0.9979166666666667
5 0.3280279215976332 0.7476023175542408 0.287287352071006 0.6156804733727811 0.2127866124260355 0.6565828402366864 0.2535271819526627 0.7885046844181461
0 0.5122306034482759 0.6688936781609195 0.4666487068965518 0.5169540229885058 0.35889008620689655 0.5744252873563219 0.4044719827586206 0.7263649425287356
0 0.1801968232044201 0.5891804788213629 0.054968059392265324 0.5803924953959485 0.04828642955801118 0.7496604511970536 0.17351519337016597 0.7584484346224679
0 0.29070483576642336 0.38772810218978104 0.2397296989051095 0.24208485401459848 0.12972741788321163 0.3105307177615571 0.1807025547445255 0.4561739659367397
0 0.1929057989219808 0.7355270570680309 0.09839182121322868 0.7057726566782386 0.06826694682989236 0.8758895943723736 0.16278092453864448 0.9056439947621657
7 0.44552884615384614 0.29977564102564114 0.338798076923077 0.2819871794871795 0.33040865384615387 0.371474358974359 0.437139423076923 0.3892628205128207
1 0.5352808395872419 0.2909982801751096 0.4491615853658537 0.23160569105691078 0.40085746951219514 0.356122967479675 0.4869767237335833 0.41551555659787376
1 0.21956081081081086 0.4923198198198198 0.09889358108108112 0.44281531531531537 0.06872466216216222 0.5735472972972975 0.18939189189189196 0.623051801801802
1 0.34560731132075473 0.49654088050314465 0.2528478773584907 0.3831682389937108 0.17871462264150947 0.4909984276729561 0.27147405660377355 0.6043710691823899
1 0.2906250000000002 0.7354166666666667 0.1500000000000002 0.7354166666666667 0.1500000000000002 0.9083333333333333 0.2906250000000002 0.9083333333333333
1 0.5207963197969543 0.8673646362098139 0.5117465101522842 0.698434856175973 0.40736833756345164 0.7083756345177665 0.4164181472081217 0.8773054145516074
1 0.62125 0.5120833333333334 0.54375 0.4604166666666668 0.50125 0.5737500000000002 0.57875 0.6254166666666668
1 0.2971859101187111 0.6157669116261543 0.25770385811192764 0.5183778500094216 0.17038051158846806 0.5813135952515546 0.20986256359525152 0.6787026568682872
1 0.19218750000000018 0.8979166666666667 0.09062500000000018 0.8979166666666667 0.09062500000000018 0.9979166666666667 0.19218750000000018 0.9979166666666667
