5 0.5756009615384615 0.5748397435897437 0.5215144230769231 0.5267628205128206 0.480889423076923 0.6080128205128208 0.5349759615384614 0.6560897435897438
3 0.6351856435643566 0.5466419141914193 0.5699504950495051 0.513506600660066 0.48400990099009905 0.8142986798679869 0.5492450495049506 0.8474339933993401
3 0.7887104605993341 0.6051586200517945 0.6542244728079911 0.2943465593784683 0.5608455882352941 0.3661764705882352 0.6953315760266371 0.6769885312615613
3 0.7558478358592351 0.8300469860433262 0.5110101464166454 0.7931896994605707 0.5034721776265093 0.8822095213631308 0.748309867069099 0.9190668079458864
1 0.52734375 0.6552083333333336 0.4609375 0.5666666666666669 0.3976562500000001 0.6510416666666669 0.4640625000000001 0.7395833333333336
1 0.6171875 0.40000000000000024 0.540625 0.40000000000000024 0.540625 0.5166666666666669 0.6171875 0.5166666666666669
1 0.559375 0.4166666666666667 0.49921875 0.33645833333333347 0.44140625 0.4135416666666668 0.5015624999999999 0.49375000000000013
1 0.8465625000000001 0.4758333333333332 0.8201562500000001 0.37020833333333314 0.7353125 0.4079166666666664 0.76171875 0.5135416666666666
1 0.675306056701031 0.7298109965635742 0.5984697164948454 0.6842783505154643 0.5615496134020619 0.7950386597938147 0.6383859536082476 0.8405713058419247
1 0.8359375 0.6625000000000002 0.7905625000000002 0.5818333333333335 0.7243125000000001 0.6480833333333336 0.7696875000000001 0.7287500000000002
2 0.8823317307692307 0.5657051282051282 0.8328125 0.4666666666666668 0.7459134615384615 0.5439102564102567 0.7954326923076922 0.642948717948718
2 0.7632428278688526 0.49118852459016404 0.7043288934426231 0.3969262295081967 0.658376024590164 0.4479849726775956 0.7172899590163935 0.542247267759563
7 0.48708763910969816 0.7300145733969264 0.40258594992050883 0.6810280869104398 0.36924930445151044 0.7832604663487018 0.4537509936406997 0.8322469528351883
7 0.7669130067567569 0.7134290540540541 0.6682221283783786 0.6926520270270271 0.6549704391891893 0.8045551801801806 0.7536613175675677 0.8253322072072076
7 0.5700556506849316 0.259246575342466 0.5058433219178082 0.22714041095890417 0.4746361301369862 0.3380993150684933 0.5388484589041096 0.37020547945205506
7 0.7719827586206899 0.3753591954022991 0.6941002155172413 0.33085488505747146 0.6641163793103448 0.42413793103448305 0.7419989224137933 0.46864224137931065
0 0.7110137195121953 0.6404979674796748 0.6328887195121953 0.5571646341463412 0.5769435975609756 0.6504065040650405 0.6550685975609757 0.7337398373983741
0 0.5031573834196892 0.47641407599309166 0.43175194300518144 0.42087651122625236 0.3883419689119172 0.5200993091537136 0.4597474093264249 0.5756368739205528
0 0.6443014705882354 0.28835784313725504 0.5536397058823528 0.26149509803921583 0.534080882352941 0.3788480392156865 0.6247426470588237 0.40571078431372576
0 0.48845951484271166 0.5839563949195098 0.4552461785556049 0.5083037955988775 0.3728476683650864 0.5726148279426968 0.4060610046521932 0.6482674272633291
1 0.57668125 0.5277750000000001 0.5359562499999999 0.4493416666666667 0.4896437499999998 0.4920916666666669 0.5303687499999999 0.5705250000000003
