3 0.251219512195122 0.8125508130081303 0.22029344512195123 0.44143800813008127 0.15083841463414632 0.4517276422764228 0.1817644817073171 0.8228404471544717
3 0.5439959016393442 0.18402322404371596 0.2467571721311475 0.09077185792349739 0.2185399590163934 0.250669398907104 0.5157786885245901 0.34392076502732266
3 0.5607028238242099 0.5975144564379339 0.3116793562066306 0.4198075687483938 0.2561589244410176 0.5581216268311489 0.5051823920585969 0.7358285145206891
1 0.28550000000000003 0.3332500000000002 0.21293750000000006 0.20425000000000001 0.12018749999999997 0.297 0.19275 0.42600000000000016
0 0.2690402757619738 0.14574564586357047 0.17479136429608125 0.03893021286889214 0.09768686502177067 0.15987844702467344 0.19193577648766327 0.2666938800193518
0 0.4904094827586206 0.32219827586206906 0.38669181034482764 0.2629310344827588 0.3431303879310345 0.3984554597701152 0.4468480603448276 0.4577227011494255
2 0.6035538249211357 0.1485147213459518 0.5156397870662459 0.056414300736067464 0.44298600157728707 0.17970557308096755 0.5309000394321768 0.2718059936908519
2 0.617394682320442 0.4885819521178638 0.6121287983425414 0.3551795580110498 0.5049421616022101 0.36270142725598536 0.5102080455801106 0.4961038213627994
7 0.6400240384615385 0.6084935897435898 0.6200721153846154 0.4754807692307692 0.5338341346153845 0.4984775641025642 0.5537860576923077 0.6314903846153848
7 0.33185200471698106 0.6132051886792454 0.2911397405660376 0.49171462264150956 0.2137116745283018 0.5378419811320756 0.2544239386792453 0.6593325471698115
5 0.3935608379986005 0.44179058782365305 0.3342098932820154 0.3385715535339398 0.2868100507347795 0.38702472591555875 0.3461609954513646 0.49024376020527194
1 0.5329326923076924 0.4924679487179488 0.4768308746048472 0.38857569371267997 0.3950836406743941 0.46705303828591493 0.4511854583772393 0.5709452932911837
1 0.32026608910891097 0.46311881188118825 0.2878403465346536 0.3496287128712872 0.18933787128712873 0.3996617161716172 0.22176361386138616 0.5131518151815182
1 0.49954268292682935 0.061178861788617964 0.4130335365853658 -0.031097560975609836 0.3456554878048779 0.08119918699186987 0.43216463414634143 0.1734756097560977
7 0.3875 1.0562578642645922e-16 0.2984375 9.835444605652179e-17 0.2984375 0.12083333333333345 0.3875 0.12083333333333345
0 0.41875 0.26875 0.35468749999999993 0.18333333333333343 0.2820312499999999 0.2802083333333335 0.34609375 0.36562500000000014
