2 0.0013478518193672288 0.0018227080593416227 0.0011842974494485291 0.0015501174428104573 0.0009015450096768885 0.0018517200452335411 0.0010650993795955882 0.0021243106617647067
3 0.0008759025616738473 0.001932402214771056 0.0006228763338414636 0.001540888380758808 0.0004183500107346895 0.0017758760711368041 0.0006713762385670733 0.002167389905149052
3 0.7770631501950584 0.5259704161248375 0.7365584362808841 0.45633073255309936 0.6227799902470739 0.5739791937581276 0.6632847041612482 0.6436188773298658
3 0.3318103448275863 0.3618678160919541 0.15724137931034488 0.34247126436781616 0.14605603448275867 0.5214367816091956 0.3206250000000001 0.5408333333333335
3 0.5046875 0.4166666666666669 0.4578125 0.4166666666666669 0.4578125 0.5166666666666669 0.5046875 0.5166666666666669
3 0.7928535113882862 0.3561663955169924 0.6978053823210413 0.3168361352133048 0.6222308839479394 0.6415265726681132 0.7172790130151843 0.6808568329718009
3 0.3301001483679527 0.5147626112759645 0.1671875000000001 0.5041666666666668 0.16370270771513368 0.5994176557863503 0.32661535608308623 0.610013600395648
3 0.8196368243243246 0.8050112612612615 0.7858530405405407 0.5347409909909909 0.33053209459459454 0.6359234234234233 0.3643158783783784 0.9061936936936941
3 0.7583749999999999 0.3052500000000002 0.41762499999999986 -0.035499999999999865 0.3098124999999999 0.15616666666666687 0.6505624999999999 0.49691666666666695
3 0.36040557625765246 0.7839466329518233 0.29218750000000016 0.7750000000000001 0.2799503426936387 0.9408814657084554 0.3481684189512911 0.9498280986602786
3 0.8363274918962722 0.3946279038357646 0.8032642828200972 0.3422778227984874 0.7394145056726092 0.41396880064829833 0.7724777147487843 0.46631888168557556
5 0.6357941937869823 0.46858357988165683 0.5933062130177515 0.3310034516765286 0.4625369822485207 0.4027983234714004 0.5050249630177515 0.5403784516765285
7 0.8609375 0.5812500000000003 0.7820312499999998 0.47604166666666703 0.7328124999999999 0.5416666666666672 0.81171875 0.6468750000000002
7 0.31952500000000017 0.7589000000000001 0.1354125000000001 0.7142666666666668 0.10391250000000014 0.9452666666666668 0.2880250000000002 0.9899000000000001
7 0.3349801300578036 0.20621387283237003 0.1963150289017342 0.1777697495183045 0.17666184971098273 0.348097302504817 0.31532695086705215 0.37654142581888256
7 0.8511875 0.3243333333333334 0.7715 0.18266666666666687 0.6925000000000001 0.26166666666666694 0.7721875 0.4033333333333335
7 0.6450000000000002 0.6633333333333336 0.5962500000000001 0.6308333333333335 0.5671875 0.7083333333333337 0.6159375000000001 0.7408333333333338
0 0.9611116803278688 0.15244535519125701 0.8196362704918034 0.06991803278688545 0.7563063524590165 0.26292349726775993 0.8977817622950818 0.3454508196721315
0 0.675 0.13541666666666685 0.57421875 0.0010416666666668442 0.51875 0.07500000000000018 0.61953125 0.20937500000000017
0 0.6772836538461536 0.5701923076923076 0.6159855769230769 0.44759615384615387 0.5359375 0.5187500000000002 0.5972355769230768 0.6413461538461538
0 0.614554794520548 0.5614440639269408 0.45325342465753427 0.4807933789954339 0.4044520547945205 0.6543093607305938 0.5657534246575342 0.7349600456621007
0 0.26433151820546164 0.7701555049848287 0.26218302990897263 0.5925471391417425 0.12172057867360206 0.5955678370177719 0.12386906697009104 0.7731762028608582
1 0.37026962058212043 0.045727650727650816 0.23939514033264025 -0.006250866250866179 0.2003021049896049 0.16873700623700624 0.3311765852390851 0.22071552321552326
1 0.45625 0.18333333333333346 0.29375 0.18333333333333346 0.29375 0.3875000000000002 0.45625 0.38750000000000023
1 0.7586206896551724 0.28290229885057466 0.70625 0.10833333333333334 0.6195043103448276 0.1545977011494253 0.671875 0.32916666666666666
1 0.5812499999999998 0.3562500000000001 0.5394147805044973 0.20675881566940432 0.4214622237974187 0.26544167970277677 0.4632974432929212 0.41493286403337254
1 0.9167834051724137 0.6575071839080462 0.797602370689655 0.5894037356321841 0.7430495689655171 0.759123563218391 0.8622306034482758 0.8272270114942532
1 0.6375000000000001 0.99375 0.6375 0.8479166666666665 0.5078125 0.8479166666666667 0.5078125000000001 0.9937500000000001
1 0.4873491379310345 0.4746695402298852 0.39061961206896545 0.3655387931034484 0.28660560344827585 0.529439655172414 0.3833351293103449 0.6385704022988509
1 0.4219951923076925 0.5841346153846155 0.260456730769231 0.5572115384615386 0.23997596153846165 0.7756730769230771 0.40151442307692325 0.8025961538461541
