3 0.5039570729537367 0.46078351126927636 0.3041552491103204 0.36636239620403327 0.26373709964412817 0.5184116251482801 0.46353892348754455 0.6128327402135233
7 0.48394006659267497 0.8996614872364043 0.47639012208657067 0.7310460599334074 0.3390531354051055 0.7419783573806882 0.34660307991120975 0.910593784683685
7 0.6139137537186571 0.5770009916418759 0.5903268433914153 0.4538249043773907 0.48452441032724175 0.48984275393115173 0.5081113206544835 0.6130188411956369
0 0.5788297477744807 0.6994868941641941 0.44196031157270027 0.5968348170128588 0.3844584569732937 0.7331355093966373 0.5213278931750741 0.8357875865479726
0 0.6688893581081081 0.6371565315315316 0.6255616554054052 0.5280349099099099 0.5872255067567566 0.5550957207207208 0.6305532094594595 0.6642173423423425
0 0.3177844101123596 0.5333567415730339 0.2590589887640449 0.40807584269662933 0.2240870786516853 0.43721910112359563 0.2828125 0.5625000000000002
0 0.38261057089084066 0.7349696779590132 0.3497451380175659 0.6313937682977834 0.30463456712672515 0.656840757005437 0.3374999999999999 0.7604166666666669
1 0.3584558823529411 0.5278186274509804 0.2910386029411765 0.37800245098039215 0.22164522058823527 0.4335171568627451 0.2890624999999999 0.5833333333333335
1 0.44550625000000005 0.6123583333333334 0.32956250000000004 0.5053333333333334 0.26999375 0.6200583333333335 0.3859375 0.7270833333333335
1 0.5302283653846155 0.5536057692307693 0.5119591346153848 0.4318108974358974 0.4641826923076923 0.44455128205128197 0.4824519230769231 0.5663461538461539
1 0.5328125 0.6166666666666667 0.48359375000000016 0.5510416666666669 0.4578125 0.5854166666666671 0.5070312499999998 0.6510416666666669
1 0.6778963414634148 0.7131605691056911 0.5535632621951219 0.6947408536585368 0.5412728658536585 0.8422256097560977 0.6656059451219514 0.8606453252032523
1 0.6750000000000003 0.9083333333333334 0.6741113515598219 0.8443506456404982 0.5827653625299967 0.8466061021597533 0.583654010970175 0.9105887898525885
2 0.7923394319344934 0.8281175366769024 0.6619498464687821 0.8056849198225863 0.6520982599795293 0.907484646878199 0.7824878454452406 0.9299172637325149
2 0.5874999999999998 0.9020833333333332 0.586268243243243 0.7904040540540539 0.4748952702702701 0.7925878378378376 0.47612702702702697 0.9042671171171169
5 0.6326459390862943 0.7031408629441623 0.6259914340101522 0.5789234348561758 0.5168385152284262 0.5893189509306258 0.5234930203045682 0.7135363790186123
5 0.7490325984990619 0.8122498436522829 0.7430757504690432 0.7209115071919953 0.6685037523452158 0.7295575359599752 0.6744606003752345 0.8208958724202629
5 0.48749999999999993 0.6312500000000002 0.483754512635379 0.5850556558363418 0.4234374999999998 0.59375 0.4271829873646208 0.6399443441636585
