2 0.46881443298969067 0.7768900343642612 0.4620070876288659 0.5772079037800687 0.3246488402061855 0.58553264604811 0.3314561855670103 0.7852147766323025
2 0.5720141267123289 0.8554081050228314 0.5292594178082192 0.7299942922374429 0.44920804794520536 0.778510273972603 0.4919627568493151 0.9039240867579913
2 0.8758990778688525 0.5665198087431695 0.8090343237704918 0.4225034153005466 0.6835937499999998 0.5260416666666669 0.7504585040983605 0.6700580601092897
3 0.43644424069142607 0.4427349335045255 0.43534754089590566 0.33672061993754643 0.14423913108088832 0.342074337819202 0.14533583087640878 0.448088651386181
3 0.7604452402207434 0.4707711139966458 0.5788759434345074 0.22427703835957366 0.5175648738029541 0.3045653438294649 0.69913417058919 0.551059419466537
0 0.7171875 0.21458333333333346 0.6335937499999998 0.103125 0.5484374999999998 0.2166666666666668 0.63203125 0.3281250000000002
0 0.29065478769497416 0.42821346042749864 0.1580074740034663 0.42084416522241486 0.15287586655112656 0.5850556036972849 0.2855231802426344 0.5924248989023688
0 0.39367189971528005 0.8062381366656125 0.3172028234735843 0.6780613993461986 0.23614263682378994 0.7640343245808289 0.31261171306548563 0.8922110619002428
0 0.5488175675675676 0.7447072072072073 0.525633445945946 0.5592342342342341 0.4265624999999999 0.5812500000000002 0.44974662162162166 0.7667229729729732
7 0.5737354828850857 0.48693459657701726 0.464857121026895 0.46515892420537913 0.45039349022004904 0.5937245313773434 0.5592718520782397 0.6155002037489815
0 0.5286732808483291 0.35343026992287935 0.45536029884318774 0.32808751071122544 0.43013937982005135 0.4577950942587833 0.5034523618251927 0.4831378534704372
0 0.39071691176470585 0.35257352941176473 0.3761029411764706 0.27463235294117644 0.3422794117647059 0.28590686274509797 0.35689338235294116 0.3638480392156863
1 0.340625 0.32708333333333334 0.2765625 0.32708333333333334 0.2765625 0.34375 0.340625 0.34375
1 0.5546797648514852 0.20927186468646886 0.470358910891089 0.11728547854785486 0.4165454826732672 0.20498143564356444 0.5008663366336633 0.29696782178217845
1 0.38642891965678633 0.4982618304732192 0.34363445787831515 0.4187246489859596 0.24958024570982845 0.5086895475819034 0.2923747074882996 0.588226729069163
1 0.42782115051903125 0.5803950403690892 0.37693663494809687 0.48479382929642456 0.2682288062283737 0.5876571510957326 0.31911332179930807 0.6832583621683971
1 0.32784926470588244 0.6827205882352941 0.2895220588235295 0.5975490196078431 0.22265625000000006 0.6510416666666666 0.260983455882353 0.7362132352941176
1 0.7592815721649485 0.6610094501718217 0.6969942010309277 0.5601632302405499 0.605914948453608 0.660171821305842 0.6682023195876289 0.7610180412371137
1 0.71875 0.5250000000000002 0.6234375 0.3979166666666669 0.5296874999999999 0.5229166666666669 0.6249999999999999 0.6500000000000002
1 0.5823775773195876 0.26692439862542977 0.5201836340206185 0.2350300687285225 0.49143041237113394 0.3347079037800688 0.553624355670103 0.36660223367697614
7 0.6057184278350515 0.13857388316151215 0.547728737113402 0.10420962199312735 0.5057828608247423 0.2300472508591067 0.5637725515463917 0.2644115120274915
7 0.5046066810344827 0.3455818965517243 0.4556303879310345 0.19321120689655177 0.35757004310344825 0.24924568965517244 0.4065463362068965 0.40161637931034494
7 0.511924128058303 0.8866443258719418 0.43518187142113485 0.739299193128579 0.30408804008329 0.8606823702932503 0.38083029672045815 1.008027503036613
5 0.6469163672465961 0.7756382375189113 0.6031935514372162 0.6805219364599094 0.5243818551437215 0.7449271936459911 0.5681046709531014 0.840043494704993
5 0.6380130193306406 0.623716099249856 0.5517085617426427 0.5722362473552607 0.5179114974033467 0.6729647528370841 0.6042159549913446 0.7244446047316795
5 0.48367788461538463 0.5188141025641027 0.46092548076923084 0.40758012820512834 0.36348557692307687 0.4430128205128206 0.38623798076923066 0.5542467948717948
5 0.6150358606557377 0.416974043715847 0.5540727459016394 0.31943306010928973 0.47246413934426224 0.41010928961748644 0.5334272540983606 0.5076502732240438
5 0.8066473105134474 0.46533720456397715 0.7944758557457213 0.3571464955175224 0.7006494498777505 0.37591177669111653 0.7128209046454766 0.48410248573757125
