3 0.6031973203410476 0.6694706658546491 0.5654622792326433 0.4910868351603737 0.2968102923264312 0.5921183516037353 0.3345453334348355 0.7705021822980106
3 0.8180622825796092 0.9522664124520562 0.6938341249665506 0.669002207653198 0.6324974913031842 0.7168239898314158 0.7567256489162428 1.0000881946302742
1 0.34222848360655744 0.5814822404371587 0.3329047131147542 0.5286475409836068 0.24067622950819673 0.5575819672131149 0.25 0.6104166666666668
1 0.46180383663366353 0.5217821782178219 0.35521349009901 0.5075701320132014 0.34809715346534664 0.6024546204620465 0.4546875000000002 0.6166666666666669
1 0.6508326198630139 0.495025684931507 0.5720633561643835 0.4911358447488586 0.5686622431506849 0.6135759132420094 0.6474315068493153 0.6174657534246578
1 0.6281249999999999 0.6812499999999999 0.5899913494809689 0.6096049596309113 0.5415873702422145 0.6554065743944639 0.5797210207612455 0.7270516147635525
1 0.3287251805054153 0.7530144404332132 0.24574232851985572 0.7410529482551145 0.23505640794223837 0.8728459687123947 0.31803925992779797 0.8848074608904934
1 0.4760579386403399 0.7701991168874448 0.3859855348662834 0.6721611263850704 0.29146229067733065 0.8265490918936933 0.3815346944513871 0.9245870823960677
1 0.7433226864640886 0.9954247237569065 0.7359418162983428 0.8084426795580112 0.6033321823204421 0.8177486187845304 0.6107130524861878 1.0047306629834256
1 0.8953125 0.9541666666666672 0.8265625 0.9541666666666672 0.8265625 0.9979166666666671 0.8953125 0.9979166666666671
2 0.8453125000000001 0.9479166666666671 0.7140625 0.9479166666666669 0.7140625 0.9979166666666669 0.8453125 0.997916666666667
7 0.7047203796889296 0.6767650198231169 0.6980043458371454 0.5290122750838672 0.5920960086916742 0.537570524550168 0.5988120425434584 0.6853232692894178
7 0.7330104638009048 0.557626319758673 0.6872030542986424 0.5021021870286578 0.6657805429864252 0.5335218702865763 0.7115879524886877 0.5890460030165915
7 0.8203678097345133 0.7801438053097345 0.758033738938053 0.6851585545722716 0.7017284292035398 0.7508480825958703 0.7640625 0.8458333333333333
7 0.0009786503232758624 0.0017808309386973182 0.0008496093750000003 0.0017664930555555557 0.0008293896443308457 0.0020900087462620326 0.0009584305926067077 0.0021043466294037947
0 0.36250000000000016 0.5958333333333333 0.24218750000000017 0.5958333333333333 0.24218750000000017 0.7479166666666667 0.36250000000000016 0.7479166666666667
0 0.5337774521136063 0.520267778511669 0.47421358982826944 0.481693086745927 0.43129953764861284 0.5994963672391018 0.4908633999339497 0.6380710590048438
0 0.7953125000000002 0.5666666666666671 0.690625 0.5666666666666669 0.690625 0.7208333333333334 0.7953125000000001 0.7208333333333337
0 0.6459601683937826 0.8425518134715028 0.5813552461139899 0.6948834196891195 0.5105327072538862 0.7499676165803113 0.5751376295336789 0.8976360103626946
0 0.0009642400896311002 0.001966958095804882 0.0007384590904552718 0.0015964456869009584 0.0005368659532003696 0.001814838252260436 0.000762646952376198 0.0021853506611643593
0 0.3875000000000002 0.8625 0.23750000000000018 0.8625 0.23750000000000018 0.9979166666666667 0.3875000000000002 0.9979166666666667
5 0.5798480308219179 0.7474457762557077 0.4803724315068495 0.6871575342465754 0.4458583047945206 0.7883989726027402 0.545333904109589 0.8486872146118726
5 0.7155674454297409 0.6916609822646659 0.5971201398362893 0.6799624829467941 0.5901880115961802 0.8047407912687586 0.7086353171896318 0.8164392905866305
5 0.8971944060773481 0.8705916206261507 0.8117316988950275 0.7680363720073663 0.7496546961325967 0.8600023020257827 0.8351174033149171 0.962557550644567
