3 0.5939400337837838 0.62035472972973 0.44909206081081077 0.349971846846847 0.3323268581081081 0.46117680180180187 0.47717483108108105 0.7315596846846849
5 0.6963367124664879 0.23889912868632718 0.6657632372654154 0.14625223413762284 0.5787365951742627 0.19730786416443247 0.6093100703753352 0.2899547587131368
5 0.6203125 0.2812500000000002 0.5375 0.2812500000000002 0.5375 0.42083333333333356 0.6203125 0.42083333333333356
5 0.6499699653553869 0.5549461704663984 0.6313610583370587 0.4511874161823871 0.5373162997317836 0.48117270153479363 0.5559252067501117 0.5849314558188049
2 0.8360912539936104 0.3069582002129927 0.8043081070287542 0.1605630990415335 0.6950429313099041 0.20273562300319492 0.7268260782747605 0.34913072417465413
2 0.9121035624211853 0.5552112232030265 0.8728909205548548 0.41499632198402686 0.7473392181588903 0.47741750735603194 0.7865518600252207 0.6176324085750317
2 0.8020027372262775 0.575468369829684 0.7107299270072993 0.5614263990267642 0.7024771897810219 0.6567913625304137 0.7937500000000002 0.6708333333333335
3 0.544641544117647 0.3337132352941177 0.5337040441176469 0.31079656862745103 0.521875 0.32083333333333336 0.5328125 0.34375
3 0.7062499999999999 0.2791666666666668 0.6941908563134976 0.24141630382196422 0.6093749999999999 0.28958333333333336 0.6214341436865022 0.32733369617803587
0 0.5273446745562129 0.3161637080867851 0.5219267751479288 0.21141765285996061 0.4080824704142011 0.22188609467455622 0.41350036982248517 0.3266321499013808
0 0.8039062499999998 0.5302083333333334 0.7078125 0.4020833333333336 0.6109375 0.5312500000000003 0.7070312499999998 0.6593750000000002
0 0.8151314669843431 0.7587488654413435 0.8031015997277059 0.6368462105740866 0.659655803267529 0.6620121397776266 0.6716856705241663 0.7839147946448833
0 0.5484375000000001 0.8062500000000001 0.5356235252702086 0.7011096945247882 0.40778823831633415 0.7288073400314609 0.4206022130461256 0.8339476455066728
0 0.44141584242837667 0.5055565029558892 0.32763045702592103 0.4943184402000911 0.3202506821282402 0.6271543883583447 0.4340360675306959 0.6383924511141428
7 0.43028255044136204 0.31034310634720497 0.3628783102143758 0.2837142707019757 0.34434110970996207 0.3671316729718371 0.4117453499369483 0.3937605086170663
7 0.6145987518815856 0.2858954256564644 0.6013900213246363 0.2227870463288176 0.5122898896136476 0.25594058370965056 0.525498620170597 0.3190489630372973
7 0.5328125 0.30833333333333357 0.4171875 0.30833333333333357 0.4171875 0.4541666666666669 0.5328125 0.4541666666666669
7 0.6255387931034482 0.46637931034482777 0.6007543103448276 0.3837643678160921 0.5016163793103448 0.4366379310344828 0.5264008620689655 0.5192528735632185
7 0.7140625 0.43541666666666673 0.7024843419195482 0.40639408374500113 0.6282176252646436 0.45906551399670664 0.6397957833450952 0.48808809691837224
7 0.9577431740614337 0.7294226393629124 0.9426407849829352 0.5582622298065982 0.789249146757679 0.5823236632536974 0.8043515358361774 0.7534840728100115
1 0.4275931603773584 0.835309748427673 0.4203125 0.7645833333333335 0.3286568396226415 0.7813569182389938 0.33593749999999994 0.8520833333333334
1 0.44178082191780826 0.7686929223744291 0.42815773569701854 0.609756916465216 0.3134505942788073 0.6272360999194198 0.327073680499597 0.7861721058286328
1 0.43496907262370954 0.4310349175269968 0.39065837486650057 0.33608342233297755 0.29967014506941975 0.4115699537201853 0.34398084282662866 0.5065214489142045
1 0.5545530021253986 0.7242716082182075 0.5374003719447397 0.657948104852993 0.49184710414452704 0.6788921360255046 0.508999734325186 0.7452156393907191
1 0.471875 0.60625 0.434375 0.60625 0.434375 0.71875 0.471875 0.71875
1 0.7065945155902005 0.6161933927245734 0.5797501391982183 0.5347624350408318 0.5206448357461023 0.6984386599851523 0.6474892121380846 0.779869617668894
1 0.6562499999999999 0.7854166666666668 0.6488070927289461 0.7267755790765456 0.5470342700184077 0.7497397031753337 0.5544771772894614 0.8083807907654549
1 0.7441479952830189 0.42470518867924534 0.739310141509434 0.27634433962264154 0.6188856132075473 0.2833254716981132 0.6237234669811322 0.431686320754717
1 0.8649999999999999 0.42458333333333337 0.8340624999999999 0.3008333333333334 0.724375 0.34958333333333336 0.7553124999999999 0.47333333333333333
1 0.778125 0.17500000000000018 0.74921875 0.13645833333333351 0.68046875 0.2281250000000001 0.709375 0.2666666666666668
