7 0.3071472002262444 0.5023783936651584 0.25322610294117653 0.33966911764705876 0.14271634615384615 0.404775641025641 0.19663744343891404 0.5674849170437406
7 0.795996671597633 0.5138560157790929 0.7395987426035503 0.33338264299802783 0.5954789201183432 0.413449211045365 0.6518768491124259 0.59392258382643
2 0.4234375 0.40833333333333327 0.3833512931034483 0.27471264367816084 0.24272629310344832 0.34971264367816085 0.2828125 0.4833333333333333
2 0.3288528918278722 0.6429480852743783 0.3225686562376629 0.5239665580997498 0.18463037899723644 0.5369185090143439 0.1909146145874457 0.6559000361889724
0 0.6195882510729613 0.25155579399141653 0.5210099248927038 0.22026108726752514 0.4922579130901287 0.3812723533619458 0.5908362392703862 0.41256706008583716
3 0.6899704391891892 0.28538851351351374 0.6113386824324324 0.2688344594594597 0.5813386824324325 0.522167792792793 0.6599704391891893 0.5387218468468471
3 0.6896760855214904 0.7302103197887638 0.663084476309227 0.613502701579385 0.4323249779961859 0.7069749034277053 0.4589165872084494 0.8236825216370841
1 0.9366823186528499 0.5325237478411058 0.7998947538860104 0.42613341968911933 0.7371599740932642 0.569527202072539 0.8739475388601038 0.6759175302245255
1 0.5429948884758364 0.4528578066914501 0.46550882899628243 0.31854863692688984 0.38463638475836415 0.4014947335811649 0.4621224442379181 0.5358039033457251
1 0.6134342783505156 0.4080111683848799 0.5334407216494845 0.36698883161512047 0.5147551546391753 0.43176546391752596 0.5947487113402062 0.47278780068728543
0 0.456288002806361 0.5438669317118805 0.41271778531337694 0.40980472404116003 0.2752937909260991 0.4892052541315872 0.31886400841908324 0.6232674618023076
5 0.6 0.43125000000000024 0.4859375 0.43125000000000024 0.4859375 0.5333333333333333 0.6 0.5333333333333333
5 0.6168642241379311 0.6260057471264368 0.5693426724137931 0.4676005747126436 0.46131465517241377 0.5252155172413793 0.5088362068965517 0.6836206896551723
7 0.4920180991440799 0.5320078459343794 0.4428160663338089 0.5193919400855921 0.4334990192582026 0.583990133143129 0.4827010520684737 0.5966060389919164
0 0.6875 0.5333333333333333 0.5875 0.5333333333333333 0.5875 0.6458333333333334 0.6875 0.6458333333333334
0 0.856647960054626 0.6694783486969388 0.8302977765448958 0.5476819449186298 0.6356195587231135 0.6225581825423921 0.6619697422328438 0.7443545863207012
5 0.32395740608865947 0.6663736573497123 0.3071134502403418 0.5999336092813484 0.18347649991098453 0.6556573052044391 0.20032045575930219 0.722097353272803
1 0.5257812500000001 0.6614583333333335 0.4109375000000002 0.5083333333333336 0.2937500000000002 0.6645833333333339 0.40859375 0.8177083333333336
1 0.3281551568154403 0.7109418978689186 0.30746004221954165 0.6364394853236832 0.1777423854041013 0.7004975874547646 0.1984375 0.775
5 0.49887263559708306 0.8061749848070495 0.4864110927529627 0.7486601716803404 0.3614573837739289 0.7967904892130052 0.37391892661804915 0.8543053023397144
2 0.3918425426492725 0.8497407593243018 0.35676978800802817 0.6821709315939121 0.14543088309081792 0.7608086636561298 0.18050363773206227 0.9283784913865195
