3 0.6608357988165681 0.2969921104536489 0.5432100591715977 0.11539447731755412 0.22683801775147922 0.4797016765285994 0.34446375739644963 0.6612993096646942
3 0.3253592398022251 0.35648434281005364 0.21000849814585912 0.3290198805109189 0.16211951483312742 0.6865909559126494 0.2774702564894934 0.7140554182117841
3 0.6245436613753297 0.4029990693102441 0.49554912002760715 0.361330729493454 0.4058261701593676 0.8551251202576655 0.5348207115070902 0.8967934600744556
2 0.9206367924528307 0.49536163522012616 0.722936320754717 0.420047169811321 0.6724056603773586 0.655856918238994 0.8701061320754722 0.7311713836477991
1 0.9968986875350929 0.4710403799363657 0.8737656162268388 0.35032168257533236 0.801408969679955 0.48152840164701505 0.924542040988209 0.6022470990080484
1 0.7177428532410781 0.46338462005341136 0.5765169792425346 0.45320617868414687 0.5684324927166788 0.6526235129885898 0.7096583667152223 0.6628019543578543
1 0.8767467821501478 0.6857422317985941 0.7228816412451807 0.6570648578664855 0.7110461201519622 0.7699575206017997 0.8649112610569295 0.7986348945339083
5 0.7249632352941177 0.766029411764706 0.7178216911764707 0.6422426470588235 0.600248161764706 0.6543014705882352 0.607389705882353 0.7780882352941176
0 0.6218750000000003 0.5937500000000003 0.5524639423076925 0.575240384615385 0.5241586538461538 0.763942307692308 0.5935697115384617 0.7824519230769235
0 0.0011477162359530755 0.0016123140137504445 0.0008702674278846156 0.0015568242521367523 0.0008137658854411561 0.002059060184967505 0.0010912146935096157 0.0021145499465811965
1 0.33487922138836773 0.7660647279549722 0.32758560037523454 0.6542292057535959 0.263531894934334 0.6616557223264539 0.2708255159474672 0.7734912445278301
1 0.3603647775705914 0.5504506304386433 0.2805340969632391 0.5141049547149706 0.249627064464571 0.6347895578050079 0.32945774507192327 0.6711352335286805
1 0.4564045437841246 0.5503653051938964 0.3402151800713987 0.5481201000979983 0.33817165844183134 0.7361240900181997 0.4543610221545572 0.7383692951140978
0 0.41130154639175276 0.7419286941580758 0.33642557989690725 0.6507753436426119 0.2966784793814433 0.708818728522337 0.3715544458762888 0.799972079037801
1 0.4189797794117648 0.8873161764705884 0.348529411764706 0.7307598039215686 0.22375919117647056 0.8305759803921567 0.29420955882352934 0.9871323529411765
5 0.5071659482758621 0.8332614942528737 0.4703125 0.7104166666666667 0.3703663793103448 0.7637212643678162 0.40721982758620684 0.8865660919540231
1 0.5609375000000003 0.8395833333333333 0.39375000000000016 0.8395833333333333 0.39375000000000016 0.9979166666666667 0.5609375000000003 0.9979166666666667
0 0.7810523029966705 0.307540233074362 0.6253607103218644 0.18777746947835744 0.5396486542730299 0.3858675545689975 0.695340246947836 0.5056303181650021
0 0.43341168569509747 0.3693390418625475 0.36791051040967104 0.22523645623460925 0.3156900604432506 0.26743479964181766 0.381191235728677 0.411537385269756
0 0.4092720588235294 0.4327009803921568 0.4026488970588235 0.34733578431372547 0.3012555147058823 0.36132107843137257 0.3078786764705882 0.4466862745098039
7 0.5087306701030928 0.18318298969072183 0.4042042525773195 0.121241408934708 0.34028672680412364 0.3129939862542957 0.444813144329897 0.3749355670103095
7 0.5125 0.03958333333333348 0.3734375 0.039583333333333456 0.3734375 0.17708333333333345 0.5125 0.17708333333333345
7 0.6465434350132625 0.2104000884173301 0.5977312665782494 0.1284438549955794 0.537532327586207 0.19218390804597718 0.5863444960212203 0.2741401414677279
