5 0.5566023738872404 0.4679648862512364 0.5100751112759646 0.3576780415430267 0.42468935459940643 0.42171735905044516 0.47121661721068236 0.5320042037586549
5 0.58984375 0.6260416666666667 0.553125 0.4791666666666667 0.46828124999999987 0.516875 0.5049999999999999 0.6637500000000001
5 0.3792982611781408 0.7029187366926901 0.3324177164655785 0.6329104565885972 0.25786572924059625 0.7216628223326239 0.3047462739531585 0.7916711024367168
5 0.4187815488841659 0.6186636556854413 0.376364904357067 0.5911109635139925 0.34424814027630185 0.679009475735034 0.3866647848034008 0.7065621679064829
5 0.6195312500000001 0.8510416666666671 0.55 0.7583333333333339 0.46875 0.8666666666666674 0.53828125 0.9593750000000008
0 0.5141120426829268 0.27815548780487825 0.4745236280487804 0.1348831300813009 0.3758307926829268 0.18336382113821145 0.4154192073170731 0.3266361788617888
0 0.3263924008517435 0.37608630556294925 0.3055392434122971 0.3243129491615652 0.21799765437849344 0.38699704995120243 0.23885081181793982 0.43877040635258646
0 0.44759161066778663 0.5424051518969623 0.37405108147837035 0.4414671706565869 0.28224682381352373 0.5603755424891503 0.35578735300293995 0.6613135237295255
0 0.6587500000000001 0.5566666666666666 0.6071875 0.41916666666666674 0.5228125 0.4754166666666669 0.5743750000000001 0.6129166666666668
0 0.8169578674121405 0.6201544195953144 0.732073682108626 0.4975439297124601 0.6189596645367411 0.6367611821086262 0.7038438498402555 0.7593716719914805
7 0.28689584378134403 0.5598911317285188 0.21795856318956872 0.42385489802741555 0.12802156469408224 0.5048792209963223 0.19695884528585755 0.6409154546974256
7 0.7011778846153847 0.4178525641025644 0.6419471153846155 0.2796474358974358 0.5300480769230768 0.36490384615384597 0.5892788461538461 0.5031089743589746
7 0.49375 0.5062500000000002 0.4203125 0.5062500000000002 0.4203125 0.6145833333333334 0.49375 0.6145833333333334
7 0.7055006117455138 0.7483618814573139 0.6365874796084827 0.6615823817292006 0.5568566476345839 0.7741435562805873 0.625769779771615 0.8609230560087006
7 0.8828750000000001 0.5360000000000004 0.796125 0.4492500000000002 0.7430625 0.5435833333333338 0.8298124999999998 0.630333333333334
3 0.594688796680498 0.44030601659751034 0.5460736514522821 0.1254650760719225 0.4798988589211618 0.14363070539419087 0.5285140041493777 0.4584716459197787
3 0.6840934327411168 0.6124524111675128 0.6198485088832486 0.5382138324873098 0.46430837563451766 0.7775063451776651 0.5285532994923857 0.8517449238578682
2 0.34893860720830794 0.6382165037670534 0.29146304215027474 0.5468450926491548 0.21154264660965172 0.6362184381999594 0.26901821166768486 0.727589849317858
2 0.378125 0.44166666666666676 0.303125 0.3416666666666668 0.20859375 0.46770833333333345 0.28359375 0.5677083333333335
2 0.4906250000000002 0.8 0.35937500000000017 0.8 0.35937500000000017 0.9979166666666667 0.49062500000000026 0.9979166666666667
1 0.41568560286677914 0.3333052276559865 0.4069377107925801 0.29977164137155704 0.3336082419898819 0.3337795109612142 0.34235613406408094 0.3673130972456437
1 0.47305931528662415 0.44004777070063716 0.41830214968152857 0.3061969214437367 0.3321457006369426 0.36885615711252656 0.3869028662420382 0.5027070063694269
1 0.5249718578700077 0.38549008091882014 0.5010277995301486 0.28681153745758287 0.4268108848864525 0.3188266771078047 0.4507549432263115 0.41750522056904205
1 0.643125 0.29750000000000004 0.61890625 0.20062499999999994 0.5542187499999998 0.22937499999999997 0.5784374999999998 0.32625000000000004
0 0.70625 0.34791666666666693 0.65859375 0.2843750000000001 0.63359375 0.3177083333333334 0.68125 0.38125000000000026
1 0.8094283536585369 0.36772357723577265 0.6908765243902439 0.3338516260162604 0.6643521341463414 0.49889227642276446 0.7829039634146343 0.5327642276422767
1 0.7375 0.5354166666666667 0.7122334961650839 0.4665745982468954 0.6154343955441928 0.5297342951059167 0.6407008993791088 0.598576363525688
1 0.521875 0.60625 0.39062500000000017 0.60625 0.39062500000000017 0.7833333333333333 0.521875 0.7833333333333333
1 0.45082671247584294 0.7950656717486221 0.3953849715482071 0.6889208002290458 0.29279746886407565 0.784180624150025 0.3482392097917114 0.8903254956696013
1 0.0008465130389497382 0.001963710865985755 0.000774119159962871 0.0019044795104510455 0.0006848409021084302 0.0020984668361594605 0.0007572347810952973 0.0021576981916941696
