7 0.41516648590021693 0.7591782357194503 0.40063950650759217 0.638404916847433 0.22728294468546634 0.6754748734634851 0.2418099240780911 0.7962481923355025
7 0.6406518135725427 0.44032761310452423 0.6268160101404054 0.3250292511700467 0.5303480889235569 0.34560907436297456 0.5441838923556942 0.460907436297452
7 0.74125 0.5212500000000004 0.6824999999999999 0.4820833333333337 0.6584375 0.5462500000000005 0.7171875 0.5854166666666671
7 0.5990324733096088 0.7003781138790034 0.5564001334519576 0.5918594306049821 0.5047875889679716 0.6279062870699882 0.5474199288256228 0.7364249703440094
3 0.5274570167286246 0.5042828376703843 0.5106586895910781 0.3325666047087981 0.2587621979553903 0.3763746902106567 0.2755605250929367 0.548090923172243
1 0.4234260948905112 0.5244373479318739 0.33232778284671555 0.46775395377128975 0.28514484489051106 0.6025623479318737 0.3762431569343067 0.6592457420924577
1 0.7 0.5354166666666667 0.5765625 0.5354166666666667 0.5765625 0.6916666666666667 0.7 0.6916666666666667
1 0.6789941176470589 0.7156852941176471 0.676622794117647 0.6672049019607843 0.5684551470588234 0.6766107843137253 0.5708264705882352 0.7250911764705883
1 0.8546875 0.6625000000000002 0.8203125 0.6166666666666669 0.8 0.6437500000000003 0.834375 0.6895833333333335
1 0.5546875000000002 0.3458333333333335 0.5106831555213376 0.33584653174952356 0.4967918224813023 0.44466197389646595 0.540796166959965 0.45464877548027594
1 0.5542852722772278 0.4511963696369639 0.5143719059405941 0.4458745874587461 0.509375 0.5125000000000001 0.5492883663366337 0.517821782178218
1 0.303887995049505 0.595993399339934 0.2823768564356436 0.5485585808580857 0.20505136138613853 0.6108985148514852 0.2265625 0.6583333333333334
1 0.28906249999999994 0.43750000000000006 0.2833216292134831 0.4043305243445693 0.20207162921348312 0.4293305243445694 0.2078125 0.4625000000000002
1 0.36562500000000014 0.39583333333333337 0.36410472972972985 0.3836711711711711 0.32812499999999994 0.3916666666666666 0.32964527027027024 0.40382882882882887
1 0.34419585987261153 0.49460456475583875 0.312985668789809 0.43478503184713385 0.2987937898089172 0.4479485138004247 0.3300039808917198 0.5077680467091297
0 0.3546875 0.6500000000000004 0.32312974781001913 0.573029872707364 0.20594224781001916 0.6584465393740306 0.2375 0.7354166666666669
0 0.3283776719330855 0.560916201982652 0.31538684944237916 0.4281211276332095 0.19909096189591075 0.44834649938042137 0.2120817843866171 0.581141573729864
0 0.537693240878235 0.6630953012303774 0.5118990639584217 0.5094766475746005 0.3666601479635129 0.5528315478715882 0.3924543248833262 0.7064502015273652
0 0.59375 0.6125 0.5487500000000001 0.4925 0.5025000000000001 0.5233333333333333 0.5475 0.6433333333333334
0 0.7353562421185371 0.4861864228667507 0.706998738965952 0.35857765868011754 0.6257093316519546 0.39069199243379554 0.6540668348045398 0.5183007566204287
0 0.4703125000000001 0.37916666666666676 0.4022952586206897 0.3716091954022989 0.39954741379310355 0.4155747126436783 0.46756465517241386 0.42313218390804613
2 0.5428325777202072 0.7365850604490504 0.5352056347150258 0.6488752158894647 0.40799805699481845 0.6685401554404146 0.4156249999999998 0.7562500000000002
2 0.81875 0.6708333333333333 0.8054376971608832 0.5843033648790744 0.6688761829652996 0.6216535226077811 0.6821884858044163 0.70818349106204
5 0.6635937500000002 0.5272916666666667 0.6360937500000001 0.41729166666666656 0.5353125 0.4620833333333333 0.5628124999999999 0.5720833333333334
5 0.526671670305677 0.5093249636098983 0.429134825327511 0.49198508005822433 0.4227756550218341 0.5555767831149929 0.5203125000000001 0.5729166666666669
5 0.815625 0.5208333333333336 0.71875 0.5208333333333336 0.71875 0.622916666666667 0.815625 0.6229166666666671
