2 0.9984375 0.5416666666666672 0.7890625 0.5416666666666672 0.7890625 0.7666666666666672 0.9984375 0.7666666666666672
7 0.4104567307692307 0.2969551282051283 0.28966346153846156 0.26474358974358986 0.26610576923076923 0.4217948717948719 0.3868990384615384 0.4540064102564104
7 0.7186360020180069 0.4126507037152025 0.5797379501707545 0.3655095467246199 0.5522940274759393 0.5092634275069856 0.6911920793231916 0.5564045844975684
7 0.4458272058823529 0.6947549019607844 0.3107536764705882 0.5801470588235295 0.22267463235294116 0.7646936274509806 0.35774816176470586 0.8793014705882354
7 0.6479186007957558 0.8550972590627764 0.6070813992042439 0.7565694076038906 0.5130893567639256 0.8258267020335988 0.5539265583554375 0.9243545534924846
1 0.391875 0.5904166666666666 0.34546874999999994 0.40479166666666655 0.18984374999999995 0.47395833333333326 0.23625 0.6595833333333333
1 0.4802089210155149 0.5488252233192293 0.37812499999999993 0.4729166666666668 0.3470389633286318 0.5472373060648802 0.4491228843441468 0.6231458627174427
1 0.3000000000000001 0.8312500000000005 0.24218750000000008 0.7541666666666671 0.1750000000000001 0.8437500000000003 0.2328125000000001 0.9208333333333337
1 0.0007405761718750002 0.001929947916666667 0.000614013671875 0.001803385416666667 0.00047890625 0.0020435763888888895 0.0006054687500000001 0.0021701388888888894
1 0.5500000000000003 0.925 0.4250000000000001 0.925 0.42500000000000016 0.9979166666666667 0.5500000000000004 0.9979166666666667
1 0.8221930309734514 0.7665560471976403 0.7063329646017701 0.5900073746312684 0.5790099557522124 0.7385508849557522 0.6948700221238938 0.915099557522124
1 0.9349093631295184 0.783505136216967 0.7833941535963729 0.6837420352897929 0.7311946682391862 0.8246806457541969 0.8827098777723318 0.924443746681371
0 0.5801802884615384 0.3670352564102565 0.41121394230769226 0.3055929487179488 0.3717307692307692 0.49862179487179503 0.5406971153846153 0.5600641025641028
0 0.5427254098360657 0.6316939890710386 0.4431045081967214 0.5494672131147543 0.36758196721311487 0.7121311475409838 0.4672028688524591 0.7943579234972681
0 0.2859375000000003 0.6416666666666669 0.25246580602691654 0.6136141993368441 0.21217726009362198 0.6990747513165594 0.2456489540667058 0.7271272186463822
0 0.7156250000000003 0.88125 0.5515625000000001 0.88125 0.5515625000000002 0.9979166666666667 0.7156250000000004 0.9979166666666667
3 0.7688024170064067 0.5276351679285579 0.4675050960978452 0.47960226169675807 0.45442577897495645 0.6254564647641238 0.7557230998835179 0.6734893709959235
3 0.0007418215619802583 0.0016270783049689226 0.0006007463218521897 0.0014781655515004055 0.00022570238874966884 0.002109818491462546 0.00036677762887773736 0.002258731244931063
2 0.8125000000000002 0.9354166666666669 0.7109375 0.9354166666666668 0.7109375 0.9979166666666669 0.8125000000000002 0.997916666666667
5 0.8580882352941179 0.4631127450980395 0.7172794117647059 0.4161764705882355 0.6879595588235294 0.5725490196078432 0.8287683823529415 0.6194852941176473
5 0.6257932692307695 0.6667948717948721 0.512596153846154 0.6135256410256412 0.4637307692307694 0.7981282051282056 0.5769278846153849 0.8513974358974363
5 0.5479996401151632 0.8398872360844533 0.43805482245681393 0.7592610364683304 0.3793666026871402 0.9015355086372363 0.48931142034548947 0.9821617082533592
5 0.0013900739721915641 0.001893878991336224 0.001177262931034483 0.0017425466954022995 0.0010929203704808496 0.0019534030967863826 0.0013057314116379309 0.002104735392720307
5 0.7432549504950497 0.862850660066007 0.6417698019801983 0.8493193069306935 0.6366646039603963 0.9173886138613866 0.7381497524752477 0.9309199669967001
