3 0.6181399559193953 0.4491603694374476 0.5790105478589419 0.2839473131821998 0.3124960642317379 0.3961639378673383 0.3516254722921913 0.561376994122586
3 0.809375 0.5895833333333332 0.7087261044752763 0.3919455021211489 0.6600472042562068 0.436016934418249 0.7606960997809304 0.6336547656304333
0 0.41014985504774915 0.48946822419281527 0.34153201739427014 0.4105971464301957 0.2769962909276944 0.5104124033651661 0.3456141285811734 0.5892834811277857
0 0.8228890229191798 0.4049004825090469 0.7859092279855249 0.271773220747889 0.6814328256936067 0.32336650583031773 0.7184126206272617 0.45649376759147564
0 0.5640625 0.5416666666666666 0.4265625 0.5416666666666666 0.4265625 0.6958333333333333 0.5640625 0.6958333333333333
0 0.43790379213483155 0.6370552434456929 0.30466292134831463 0.6201357677902621 0.29693117977528094 0.728380149812734 0.4301720505617978 0.7452996254681649
0 0.546875 0.3208333333333336 0.507167503136763 0.29843423253868695 0.477644683186951 0.39147584692597254 0.5173521800501881 0.41387494772061917
0 0.6421391752577319 0.4985824742268043 0.577915592783505 0.46052405498281795 0.5461501288659794 0.5558204467353953 0.6103737113402061 0.5938788659793816
7 0.6501923076923075 0.6879487179487181 0.5987499999999999 0.5679166666666668 0.5146153846153845 0.6320192307692309 0.5660576923076921 0.7520512820512822
7 0.4364584111974884 0.8016753251607116 0.4172662206607864 0.6812537374794438 0.27096258783076693 0.7227064334479494 0.29015477836746895 0.8431280211292171
7 0.703125 0.2812500000000002 0.6 0.2812500000000002 0.6 0.40833333333333355 0.703125 0.40833333333333355
7 0.7499999999999999 0.29375000000000007 0.7401383196721312 0.263695355191257 0.6872694672131148 0.2945355191256832 0.6971311475409835 0.3245901639344263
7 0.8328125 0.4583333333333334 0.798300566257409 0.39644986593282544 0.7342155747248094 0.4599871224950609 0.7687275084674003 0.5218705898955689
2 0.8556545365040895 0.6747690093910937 0.8365613639806119 0.5689191406644452 0.6962217888518629 0.6139225487226092 0.7153149613753407 0.7197724174492578
2 0.5591523271679807 0.7706248736608045 0.5458004851425107 0.6688965534667475 0.42443905397210424 0.6972142207398424 0.4377908959975743 0.7989425409338994
5 0.898125 0.5216666666666667 0.822205882352941 0.43490196078431353 0.7626470588235292 0.527549019607843 0.8385661764705882 0.6143137254901961
5 0.7130481120584651 0.4989925903369875 0.6890881927527405 0.38572751725537946 0.5874019869062118 0.423968483556638 0.6113619062119364 0.537233556638246
5 0.5876562500000002 0.503541666666667 0.4981250000000002 0.46375000000000016 0.4762500000000001 0.5512500000000002 0.5657812500000001 0.5910416666666671
1 0.3765625 0.6291666666666667 0.36790540540540545 0.55990990990991 0.31165540540540543 0.5724099099099099 0.32031250000000006 0.6416666666666667
1 0.48408387646496076 0.5259342860559679 0.41076671250896923 0.46550316909830214 0.3468413657019852 0.6033813680937576 0.4201585296579767 0.6638124850514235
1 0.4875 0.4041666666666667 0.4868211069493147 0.3534759855488258 0.39932110694931455 0.35555931888215914 0.3999999999999999 0.40625
1 0.6515625 0.2729166666666669 0.6262413990825688 0.23704510703363937 0.5731163990825686 0.30371177370030616 0.5984374999999997 0.3395833333333337
1 0.7623230217222654 0.5630301267132148 0.6576064294026377 0.4753604215153869 0.5907413692785104 0.617345487457978 0.6954579615981381 0.7050151926558059
1 0.7137521551724137 0.7207844827586207 0.6991788793103447 0.6486120689655174 0.5843081896551723 0.6898477011494253 0.5988814655172414 0.7620201149425287
1 0.921454326923077 0.6555288461538462 0.9100360576923079 0.5794070512820512 0.8343149038461538 0.5995993589743589 0.8457331730769232 0.6757211538461539
