3 0.4640625 0.4583333333333336 0.3859375 0.4583333333333336 0.38593750000000004 0.6083333333333333 0.4640625 0.6083333333333333
3 0.5872556011689397 0.782610863716486 0.5644736727664904 0.6841929330179052 0.4175688839409964 0.7446475786251043 0.4403508123434456 0.8430655093236851
2 0.4743902439024392 0.8551829268292686 0.3625381097560977 0.7358739837398375 0.3129954268292683 0.8184451219512198 0.4248475609756099 0.9377540650406508
2 0.29922945205479445 0.5589897260273973 0.255779109589041 0.4315353881278539 0.1315817636986301 0.5068065068493152 0.17503210616438356 0.6342608447488586
7 0.18643750000000012 0.5942500000000002 0.07293750000000006 0.4807500000000001 0.03243750000000008 0.5527500000000001 0.14593750000000014 0.6662500000000001
7 0.5912334070796461 0.5940818584070798 0.5176714601769911 0.48198746312684376 0.4382466814159292 0.5746497050147493 0.5118086283185841 0.6867441002949854
0 0.7023734640140432 0.6904512873025165 0.662547542422469 0.6059720596840258 0.5459086088355761 0.7037265944997076 0.5857345304271503 0.7882058221181982
0 0.4116268382352942 0.46721813725490213 0.3231617647058824 0.39644607843137264 0.27931985294117656 0.4938725490196079 0.36778492647058825 0.5646446078431374
0 0.33598030821917807 0.7057077625570779 0.2968749999999999 0.5666666666666667 0.16793664383561638 0.6311358447488584 0.2070419520547945 0.7701769406392697
5 0.536910587188612 0.837514827995255 0.5144934386120996 0.7804529952550415 0.4258646574733095 0.8423524614472124 0.4482818060498219 0.8994142941874259
5 0.4332861990950227 0.6159030920060335 0.3906532805429864 0.5533748114630469 0.33372454751131214 0.6223793363499246 0.3763574660633484 0.6849076168929112
5 0.5124375 0.6880833333333335 0.45450000000000007 0.5850833333333335 0.396 0.6435833333333335 0.4539374999999999 0.7465833333333335
1 0.6579703751857355 0.6330423476968801 0.6233957095096583 0.5446848687469047 0.5280251671619614 0.611029593858346 0.5625998328380385 0.6993870728083212
1 0.3685661764705882 0.5906862745098039 0.3023897058823529 0.4877450980392159 0.2525919117647059 0.5446568627450983 0.3187683823529412 0.6475980392156864
1 0.40188184306569336 0.5740875912408762 0.3876938868613138 0.5220650851581509 0.33424954379562044 0.5479774939172749 0.3484375 0.6000000000000002
1 0.4604963235294119 0.6680637254901963 0.31305147058823535 0.6529411764705884 0.3048345588235295 0.7953676470588237 0.45227941176470604 0.8104901960784316
1 0.3298253676470589 0.7913602941176471 0.271920955882353 0.7450367647058823 0.25896139705882354 0.7738357843137257 0.31686580882352944 0.8201593137254903
