3 0.47181770400430256 0.37509717400870296 0.45906048318095144 0.23301675385843973 0.18615629430890335 0.2765789248520999 0.19891351513225444 0.4186593450023632
3 0.7366994714420952 0.49593378563164003 0.4695590091511517 0.28408383296518364 0.419472576128116 0.39636550699484613 0.6866130384190596 0.6082154596613025
3 0.656913972286374 0.6456986143187068 0.5858545034642031 0.5114751732101619 0.5053081697459583 0.5872834872979218 0.5763676385681291 0.7215069284064666
2 0.88515625 0.811458333333334 0.77734375 0.6677083333333338 0.69453125 0.7781250000000004 0.8023437500000001 0.9218750000000004
0 0.8203125 0.6333333333333335 0.7289062500000001 0.5114583333333337 0.6531250000000001 0.6125000000000004 0.74453125 0.7343750000000002
7 0.6746157786885246 0.42978142076502746 0.5931608606557377 0.33927595628415297 0.569467213114754 0.3771857923497269 0.6509221311475409 0.46769125683060137
0 0.5265625 0.37916666666666693 0.471875 0.37916666666666693 0.471875 0.4791666666666669 0.5265625 0.4791666666666669
0 0.4820653920308482 0.42913988860325636 0.43984977506426726 0.3334511568123394 0.34356924807197936 0.40896529562982004 0.38578486503856035 0.504654027420737
1 0.3908374645892352 0.3952313503305008 0.28451221671388105 0.3285174693106707 0.2554753895184136 0.4107884796978284 0.3618006373937678 0.47750236071765856
1 0.3840625 0.5779166666666665 0.33421874999999995 0.3785416666666666 0.2109375 0.4333333333333333 0.26078124999999996 0.6327083333333332
1 0.31544207317073175 0.6780284552845528 0.3052210365853658 0.6144308943089432 0.26029725609756094 0.6272662601626017 0.2705182926829268 0.6908638211382114
5 0.43500000000000005 0.5920833333333334 0.34500000000000003 0.5320833333333335 0.296875 0.6604166666666669 0.386875 0.7204166666666669
1 0.5259825116159009 0.5951406814661849 0.5233286009292721 0.43944458785062795 0.3856866288074341 0.4436155567028049 0.38834053949406294 0.5993116503183618
1 0.5737617924528303 0.626611635220126 0.4127948113207548 0.5652908805031449 0.36633254716981145 0.782114779874214 0.5272995283018869 0.8434355345911951
1 0.7522596153846155 0.7363141025641028 0.6682932692307693 0.5923717948717948 0.58359375 0.6802083333333333 0.667560096153846 0.8241506410256412
1 0.7659254807692308 0.9061698717948719 0.7493389423076924 0.7955929487179486 0.6294471153846154 0.8275641025641025 0.646033653846154 0.9381410256410257
0 0.697207783975659 0.8027510141987831 0.5743819726166327 0.6844743069641651 0.47459115111561845 0.8687035158891143 0.5974169624746448 0.9869802231237323
0 0.41774400684931506 0.8283675799086759 0.3663099315068493 0.6454908675799087 0.2673373287671232 0.6949771689497717 0.31877140410958893 0.8778538812785389
7 0.5078125000000002 0.7875 0.3218750000000002 0.7875 0.3218750000000002 0.9979166666666667 0.5078125000000002 0.9979166666666667
0 0.3927283653846155 0.5005608974358976 0.35937500000000006 0.4916666666666668 0.34759615384615383 0.5701923076923079 0.38094951923076925 0.5790865384615387
