2 0.9640625 0.9166666666666672 0.7953125000000001 0.9166666666666672 0.7953125000000002 0.9979166666666671 0.9640625 0.9979166666666671
3 0.7723503534804225 0.716436839651958 0.7433527229645741 0.6241178527035428 0.45189801507147287 0.7868674901595195 0.48089564558732123 0.8791864771079347
3 0.0016450237225853347 0.0011360989861754845 0.0013092037763885187 0.0008430197604037179 0.0012060646737502407 0.001053117932444655 0.0015418846199470565 0.0013461971582164217
7 0.8498087539432175 0.322597266035752 0.7620741324921136 0.29860147213459537 0.7397791798107256 0.44351866456361766 0.8275138012618296 0.46751445846477424
1 0.8765625 0.4562500000000002 0.7765625 0.4562500000000002 0.7765625 0.5791666666666672 0.8765625 0.5791666666666672
1 0.7921875 0.3916666666666669 0.665625 0.3916666666666669 0.665625 0.5229166666666669 0.7921875 0.5229166666666669
1 0.6475217706821479 0.6791080067731012 0.6358277394775035 0.642500604741171 0.5450358309143686 0.6940614417029513 0.556729862119013 0.7306688437348815
1 0.7678124999999998 0.92125 0.7253124999999999 0.75125 0.63109375 0.7931249999999999 0.6735937499999999 0.9631249999999999
1 0.9984375 0.6208333333333338 0.9609375 0.6208333333333338 0.9609375 0.7895833333333339 0.9984375 0.7895833333333339
1 0.0013611238315879254 0.001818490522840834 0.0011954328906540533 0.0016817954965703897 0.0010310393723796274 0.002036044155478244 0.001196730313313499 0.002172739181748688
1 0.7234375000000003 0.9645833333333333 0.6703125000000001 0.9645833333333333 0.6703125000000002 0.9979166666666667 0.7234375000000004 0.9979166666666667
5 0.8640894396551726 0.8118893678160923 0.8210129310344827 0.6778735632183908 0.7135237068965514 0.7392959770114943 0.7566002155172412 0.8733117816091958
5 0.9886942675159235 0.6633359872611465 0.9381170382165605 0.5397027600849259 0.8238256369426751 0.6228237791932062 0.874402866242038 0.7464570063694268
7 0.9801587119824108 0.8507008061561011 0.9694261863319895 0.7018764504702575 0.8359546766214727 0.7189881824844263 0.8466872022718942 0.8678125381702698
0 1.0044679054054053 0.37175675675675707 0.8902871621621621 0.26103603603603637 0.812652027027027 0.40336711711711765 0.9268327702702704 0.5140878378378383
7 0.9984375 0.43125000000000024 0.95 0.43125000000000024 0.95 0.5416666666666672 0.9984375 0.5416666666666672
0 0.6998985251615097 0.6554318259095547 0.6640625000000002 0.5416666666666669 0.6109343123087385 0.5714184517737733 0.6467703374702481 0.6851836110166611
0 0.8704417360712238 0.5773334290637567 0.7620777390867319 0.5748845251771014 0.7600350911832281 0.735572826919395 0.86839908816772 0.7380217308060503
0 0.001111724757026255 0.0020274278774553233 0.0009674402780911553 0.0016284189480545534 0.0007560479753744669 0.001764313999800996 0.0009003324543095667 0.002163322929201766
0 0.0016434420072115384 0.001927417200854702 0.00138037109375 0.0016935763888888896 0.0012872220552884613 0.0018798744658119666 0.00155029296875 0.0021137152777777795
5 0.9984375 0.7979166666666672 0.9609375 0.7979166666666672 0.9609375 0.9000000000000005 0.9984375 0.9000000000000005
2 0.8723713235294118 0.8768137254901964 0.8317830882352938 0.813676470588235 0.7992279411764702 0.8508823529411763 0.8398161764705883 0.9140196078431376
