3 0.7221081639720842 0.5720899528886396 0.25601891833836016 0.47905816733300616 0.24280720654766083 0.5967304803488347 0.7088964521813849 0.6897622659044683
2 0.8765625 0.46458333333333357 0.7734375 0.46458333333333357 0.7734375 0.6437500000000005 0.8765625 0.6437500000000005
2 0.705320945945946 0.3696509009009012 0.6198902027027027 0.28828828828828856 0.579983108108108 0.3627815315315318 0.6654138513513513 0.44414414414414444
5 0.5791360294117648 0.4887254901960785 0.5497242647058823 0.33186274509803915 0.4684742647058823 0.35894607843137255 0.49788602941176485 0.5158088235294119
5 0.5420797413793103 0.34827586206896555 0.5231681034482758 0.289439655172414 0.43887392241379314 0.3376077586206898 0.4577855603448276 0.3964439655172413
5 0.6354478092783509 0.5206142611683852 0.5491913659793816 0.5153865979381446 0.5481185567010309 0.546855670103093 0.6343750000000002 0.5520833333333336
7 0.2421875 0.42083333333333334 0.18750000000000008 0.42083333333333334 0.18750000000000008 0.45416666666666666 0.2421875 0.45416666666666666
7 0.6557989690721651 0.524269759450172 0.6141913659793815 0.49961340206185584 0.6021423969072165 0.5357603092783507 0.6437500000000002 0.5604166666666669
7 0.001625395316405967 0.0012786136547069868 0.0015272534245140748 0.0010262487898421212 0.0012599803328902793 0.0012110301865203006 0.0013581222247821714 0.0014633950513851662
0 0.3887129996948429 0.3450647187468213 0.2920034520903265 0.27932750991760763 0.2359193812938664 0.42600892584681116 0.33262892889838275 0.49174613467602485
0 0.8213995774021352 0.5210965302491104 0.6874054715302491 0.4275133451957295 0.634558496441281 0.5620329181494661 0.7685526023131672 0.655616103202847
0 0.9078553082191781 0.686957762557078 0.8842893835616439 0.6031678082191781 0.7342893835616439 0.6781678082191781 0.7578553082191781 0.7619577625570778
0 0.6893046168372925 0.7981289136268761 0.6638823489215783 0.7070929828048901 0.49645273208428586 0.7902140691780141 0.521875 0.8812500000000001
0 0.39282169117647053 0.6956740196078433 0.31973345588235286 0.5425367647058824 0.27201286764705873 0.5830269607843138 0.34510110294117646 0.7361642156862747
1 0.5999919458762887 0.3570554123711339 0.5881523840206185 0.3160115979381442 0.5393605025773194 0.3410330756013745 0.5512000644329895 0.38207689003436424
1 0.65625 0.36875000000000024 0.55625 0.36875000000000024 0.55625 0.5145833333333336 0.65625 0.5145833333333336
1 0.7515913683602771 0.46602675134719007 0.7356231957274826 0.39543061970746735 0.6355943273672053 0.4356538683602772 0.6515624999999998 0.50625
1 0.7969288793103448 0.6529454022988508 0.6706532502329916 0.5507222739981362 0.5960405987884435 0.7145775085430262 0.7223162278657969 0.8168006368437407
1 0.6034924732030266 0.7229757776376632 0.5061899038461539 0.6183493589743593 0.3998147856242119 0.79422288776797 0.4971173549810846 0.8988493064312739
1 0.49385455390334576 0.8489312267657992 0.39052044609665426 0.6698187732342008 0.33705855018587355 0.7246514869888476 0.4403926579925651 0.9037639405204462
1 0.5125 0.8875000000000001 0.4944083167046749 0.8507922367920941 0.4397208167046749 0.8987089034587608 0.4578124999999999 0.9354166666666667
