2 0.48639705882352935 0.6712009803921568 0.4578125 0.51875 0.3350183823529411 0.5596813725490196 0.36360294117647046 0.7121323529411764
0 0.36829310723703496 0.5440356724289485 0.29415744945795497 0.5321057964644987 0.2806241759449167 0.6816162467037798 0.35475983372399666 0.6935461226682295
0 0.8193690095846644 0.41478301384451555 0.7370607028753994 0.295893237486688 0.6541882987220446 0.3978900425985091 0.7364966054313099 0.5167798189563366
0 0.37031250000000016 0.68125 0.28125000000000017 0.68125 0.28125000000000017 0.76875 0.37031250000000016 0.76875
7 0.4060561609388097 0.7043220871751888 0.3971349800922045 0.6761499371332776 0.27634246647108135 0.744151648505169 0.28526364731768655 0.7723237985470803
0 0.5430852556109725 0.6214765170407317 0.5309375 0.5845833333333333 0.4617947319201994 0.62505714879468 0.47394248753117196 0.6619503325020784
0 0.596875 0.5770833333333332 0.572797131147541 0.5385587431693989 0.551127049180328 0.5626366120218581 0.575204918032787 0.6011612021857924
7 0.6011923185143503 0.43414579816169613 0.5208110579628589 0.3901765616207094 0.48161578503095115 0.5175611986494096 0.5619970455824426 0.5615304351903964
7 0.6120047558418213 0.5869382863990414 0.6059803774715398 0.5665892750149789 0.5390278609946074 0.6018274415817854 0.5450522393648891 0.6221764529658478
7 0.6968750000000001 0.4625000000000002 0.6812500000000001 0.43750000000000006 0.6629610655737707 0.4578210382513663 0.6785860655737707 0.48282103825136635
7 0.7921875 0.46041666666666664 0.78203125 0.446875 0.74296875 0.49895833333333356 0.753125 0.5125000000000003
3 0.7346966911764705 0.4840073529411768 0.7022977941176469 0.45808823529411785 0.6977481617647058 0.468198529411765 0.7301470588235294 0.4941176470588239
3 0.5206730769230771 0.5211538461538463 0.3633653846153847 0.4949358974358976 0.35742788461538477 0.5582692307692311 0.514735576923077 0.5844871794871798
2 0.8529287559618443 0.44585651828298917 0.8472650039745627 0.4284876788553262 0.7639060015898251 0.4768117382087971 0.7695697535771066 0.4941805776364601
1 0.7423128177068623 0.5090275816624305 0.718175921349901 0.439513320154382 0.591911271533465 0.5174544620163797 0.6160481678904264 0.5869687235244282
1 0.6738051470588237 0.41678921568627475 0.582996323529412 0.3865196078431375 0.5714154411764707 0.44828431372549044 0.6622242647058825 0.47855392156862775
5 0.5625 0.54375 0.471875 0.54375 0.471875 0.6104166666666667 0.5625 0.6104166666666667
5 0.6599759615384613 0.47275641025641035 0.60625 0.4250000000000001 0.5509615384615383 0.5355769230769234 0.6046874999999996 0.5833333333333335
5 0.8555505721489528 0.4404512542022239 0.8517297808378588 0.4181633048875097 0.79008436772692 0.4369504784070338 0.793905159038014 0.45923842772174805
