2 0.45319491731517497 0.5254499027237353 0.3819826118677042 0.441670719844358 0.2968962791828794 0.5702456225680935 0.3681085846303501 0.6540248054474708
2 0.4478365384615384 0.7519230769230769 0.40072115384615375 0.6576923076923078 0.3033653846153845 0.7442307692307694 0.3504807692307691 0.8384615384615386
2 0.5718750000000002 0.84375 0.425 0.84375 0.4250000000000001 0.9979166666666667 0.5718750000000004 0.9979166666666667
5 0.68046875 0.6239583333333333 0.6000000000000001 0.5166666666666668 0.53125 0.6083333333333336 0.6117187499999999 0.7156250000000001
5 0.6321875 0.5358333333333334 0.5990624999999998 0.4475 0.5084374999999999 0.5079166666666668 0.5415625000000001 0.5962500000000002
5 0.46135053329489767 0.7856965263764775 0.4158875936869415 0.7345086240030748 0.34425762107235514 0.8476085807629481 0.3897205606803113 0.8987964831363506
5 0.6750177311098811 0.8438238075468222 0.6315341302241906 0.784465241258419 0.5406180805424855 0.9028675385183138 0.584101681428176 0.962226104806717
5 0.471875 0.7979166666666668 0.46560485495568094 0.7247649744829441 0.4478457393231265 0.7274711254364762 0.4541158843674456 0.8006228176201989
0 0.581255420641804 0.4198214801965886 0.5554314830875976 0.27778982364845334 0.4638443191673892 0.30739375542064185 0.4896682567215957 0.4494254119687771
0 0.5287639331210191 0.6280201698513801 0.451732683121019 0.5323951698513799 0.36402567675159225 0.6580002653927812 0.44105692675159236 0.7536252653927813
0 0.8882354712798769 0.571989045232588 0.8204136950655359 0.476392636854279 0.6995289610639939 0.6288598689282962 0.7673507372783347 0.7244562773066051
0 0.7412176724137931 0.6030172413793107 0.7082435344827587 0.49310344827586217 0.6209590517241381 0.539655172413793 0.6539331896551724 0.6495689655172415
7 0.38515625000000003 0.6593750000000002 0.30234374999999997 0.5489583333333333 0.228125 0.6479166666666667 0.3109375000000001 0.7583333333333334
7 0.56875 0.5916666666666667 0.50625 0.5916666666666667 0.50625 0.6625 0.56875 0.6625
7 0.7578442371280112 0.7397201228153049 0.7347444054085969 0.7075514682727132 0.6539700932923947 0.8106676113997796 0.6770699250118091 0.8428362659423713
7 0.77890625 0.4385416666666668 0.6906249999999998 0.32083333333333347 0.5968749999999998 0.44583333333333364 0.6851562499999999 0.5635416666666669
7 0.9390625000000004 0.5083333333333337 0.9109375000000002 0.4708333333333335 0.8562500000000002 0.54375 0.8843750000000001 0.5812500000000003
1 0.8908166273584908 0.38162342767295626 0.7561527122641512 0.3738168238993713 0.7509286556603775 0.5340212264150949 0.8855925707547172 0.5418278301886797
1 0.5514180151915455 0.4750935711140469 0.44510609313077937 0.4260265301629241 0.41354441875825626 0.5475974240422723 0.5198563408190224 0.5966644649933952
1 0.6062500000000001 0.4812500000000001 0.5985112732095491 0.40730216622458004 0.5185634946949602 0.4221761715296199 0.5263022214854112 0.4961240053050401
1 0.6961745689655172 0.3507902298850575 0.6860452586206895 0.31702586206896544 0.6329741379310345 0.34533045977011484 0.6431034482758621 0.3790948275862069
1 0.603125 0.6583333333333333 0.465625 0.6583333333333333 0.465625 0.8458333333333333 0.603125 0.8458333333333333
1 0.500019842067192 0.8349260569040349 0.44478731313293685 0.7745626373037562 0.3650799710657451 0.9042199137330549 0.4203125000000002 0.9645833333333336
3 0.6664381618759453 0.518406454866364 0.6218324508320724 0.27059694906707005 0.5575359304084719 0.2911718356026222 0.6021416414523448 0.5389813414019162
3 0.7749183083471445 0.6621986590326957 0.7052685230525839 0.5799890763899355 0.5597321361307819 0.799192029531415 0.6293819214253424 0.8814016121741753
