2 0.324488880918221 0.4308763749402202 0.2568776901004305 0.3125567910090866 0.13556088593974178 0.4357992587278814 0.20317207675753232 0.554118842659015
2 0.28439842009317406 0.6859884545270408 0.24626322918776586 0.5737745594490582 0.11901996404699204 0.6506506988049423 0.15715515495240023 0.762864593882925
2 0.45949502595155706 0.8247520184544409 0.38023032006920415 0.6758304498269897 0.21929714532871972 0.8281113033448674 0.2985618512110727 0.9770328719723186
3 0.5692548076923076 0.4587179487179489 0.5237860576923075 0.23642628205128216 0.46151442307692286 0.259070512820513 0.5069831730769231 0.48136217948717974
3 0.6783750000000003 0.6039166666666667 0.6226875000000003 0.5049166666666668 0.4451875000000001 0.6824166666666669 0.5008750000000001 0.7814166666666669
7 0.22659253203416987 0.5628448122441718 0.1333697610784837 0.4163518864566649 0.033575814201815234 0.529250088983805 0.12679858515750142 0.6757430147713118
7 0.6873151571164509 0.4253157732593963 0.6293495841035118 0.2630121688231671 0.5028304066543435 0.3433418052988296 0.5607959796672825 0.5056454097350588
0 0.4858447098976109 0.35334328782707625 0.4465507679180888 0.20825796359499424 0.3437649317406143 0.2577474402730375 0.3830588737201365 0.40283276450511946
0 0.3900484486000835 0.530641454241538 0.301650647722524 0.42870525142777566 0.20346844964479738 0.580069473464271 0.2918662505223568 0.6820056762780332
0 0.6271918287160363 0.5378740454626179 0.6031141782099094 0.44385655301012267 0.530177810335642 0.4770633546439354 0.5542554608417689 0.5710808470964306
0 0.8118054937722418 0.4794951067615659 0.7604893238434162 0.38458778173191 0.6093294039145906 0.5298887900355874 0.6606455738434162 0.6247961150652434
5 0.27846153846153854 0.699423076923077 0.2330288461538462 0.6523076923076924 0.16546875000000005 0.7681249999999998 0.2109014423076924 0.8152403846153845
5 0.5037789721195833 0.4390717724778861 0.4651389821968423 0.38039623222483493 0.38939158548874697 0.4690761112977271 0.42803157541148795 0.5277516515507782
5 0.5772648789222374 0.543086346066394 0.4995395634379264 0.42287119145065954 0.42050541439290584 0.5137150409276946 0.49823072987721684 0.6339301955434291
1 0.44334316037735866 0.44794025157232725 0.3501591981132076 0.33404874213836483 0.2877653301886793 0.42480345911949696 0.38094929245283027 0.5386949685534593
1 0.4984374999999999 0.42499999999999993 0.49649161206507 0.364028844705528 0.4066941086760054 0.3691237385148366 0.40863999661093536 0.43009489380930854
1 0.8029817139737991 0.4516921397379912 0.7897857532751091 0.3197325327510917 0.6515147379912662 0.3443140465793304 0.6647106986899562 0.47627365356622986
1 0.5060731132075472 0.5820754716981134 0.3479952830188679 0.5218553459119498 0.30748820754716977 0.7108883647798743 0.46556603773584904 0.7711084905660378
1 0.33167322505023444 0.7228890377316368 0.27663324681848633 0.6675831658852425 0.1918350217682519 0.8176107948202724 0.24687500000000004 0.8729166666666669
5 0.5560250796178344 0.7317303609341828 0.5271078821656051 0.6763057324840765 0.41645700636942673 0.7789384288747349 0.44537420382165605 0.8343630573248411
5 0.328125 0.7124999999999999 0.32163461538461535 0.6432692307692307 0.29105769230769224 0.6483653846153845 0.2975480769230769 0.7175961538461537
