3 0.5771843519140364 0.08802775912245374 0.25250041974479515 0.052790743228117346 0.24066529550033575 0.2466613498992613 0.565349227669577 0.2818983657935977
3 0.7625 0.4208333333333335 0.7 0.26875000000000004 0.6708135643671526 0.2900734232934046 0.7333135643671526 0.44215675662673803
7 0.34375 0.5104166666666665 0.342157022106632 0.3787304941482444 0.14238540312093625 0.38302665799739916 0.14397838101430427 0.5147128305158213
7 0.7186435479214781 0.08790656274056989 0.5975660363741341 0.06007265204003098 0.5791895207852195 0.2021843725943035 0.7002670323325635 0.23001828329484242
7 0.8075753424657537 0.32821232876712364 0.7469178082191783 0.27654109589041126 0.7065299657534247 0.360828767123288 0.7671875000000001 0.41250000000000037
7 0.6050000000000001 0.4304166666666669 0.5275000000000001 0.3787500000000002 0.48187500000000005 0.5004166666666668 0.559375 0.5520833333333336
0 0.5921875 0.2791666666666669 0.528125 0.2791666666666669 0.528125 0.42083333333333356 0.5921875 0.42083333333333356
0 0.5205847002262445 0.11112839366515856 0.4484268947963802 0.10654694570135763 0.4468078337104074 0.1518806561085975 0.5189656391402717 0.15646210407239844
0 0.3328125 0.13750000000000012 0.1984375 0.13750000000000012 0.19843750000000002 0.28958333333333336 0.3328125 0.28958333333333336
0 0.3388146551724139 0.3414655172413793 0.17859913793103455 0.3236637931034483 0.17259698275862076 0.41969827586206904 0.33281250000000007 0.4375000000000001
0 0.5302289603960398 0.2844471947194721 0.35943688118811884 0.2616749174917493 0.34535891089108917 0.44938118811881206 0.5161509900990101 0.4721534653465349
0 0.8169341216216217 0.29588963963963977 0.796114864864865 0.12933558558558556 0.6848817567567568 0.15405405405405406 0.7057010135135136 0.3206081081081083
1 0.6146149310595066 0.0845010885341076 0.574052068214804 0.07121734397677806 0.5506340711175616 0.19834361393323668 0.5911969339622641 0.21162735849056621
1 0.3233173076923076 0.15753205128205136 0.2623798076923077 0.10336538461538479 0.2469951923076923 0.13413461538461563 0.30793269230769227 0.1883012820512822
1 0.41828968947009704 0.2667252371215995 0.33519738243312314 0.18631332708581827 0.259074427074459 0.32615401544840134 0.3421667341114329 0.4065659254841825
1 0.2862217683180683 0.3373221967804606 0.28541579933388844 0.28466555648071046 0.2023827799750208 0.2869249583680266 0.20318874895920067 0.33958159866777676
1 0.6734375 0.5229166666666666 0.6718912478336222 0.47343659734257654 0.5534770363951471 0.4800151646447141 0.5550232885615249 0.5294952339688042
1 0.7527147155361051 0.39245532458059823 0.6393435448577682 0.27709518599562377 0.5520897155361051 0.4295386579139316 0.665460886214442 0.544898796498906
1 0.903125 0.47500000000000026 0.8453125 0.47500000000000026 0.8453125 0.5187500000000003 0.903125 0.5187500000000003
2 0.8515625 0.5187500000000002 0.8499886877828056 0.4201244343891403 0.6844054015837103 0.4248218325791854 0.6859792138009049 0.5234473981900452
2 0.5000000000000002 0.51875 0.49921771133392434 0.41966010229706774 0.34617545839796154 0.42180806374178303 0.3469577470640373 0.5208979614447153
5 0.55703125 0.33020833333333344 0.47734375 0.22395833333333337 0.44375 0.26875000000000004 0.5234375 0.37500000000000017
5 0.7044387043610548 0.3196099560513861 0.6879500507099392 0.18330375253549688 0.5652842925963488 0.2096834854631507 0.5817729462474646 0.34598968897903987
5 0.9001201923076921 0.3841346153846156 0.8049278846153844 0.29951923076923087 0.7546874999999998 0.40000000000000024 0.8498798076923075 0.4846153846153849
