2 0.664050079491256 0.33441308956014854 0.562693759936407 0.2756558028616854 0.5094594594594595 0.438907657657658 0.6108157790143085 0.4976649443561211
2 0.42214884020618565 0.72678264604811 0.287757731958763 0.6471434707903782 0.2356958762886599 0.8033290378006874 0.3700869845360826 0.8829682130584193
2 0.5374743852459017 0.7683743169398913 0.47446209016393437 0.6983606557377051 0.41580430327868834 0.7922131147540983 0.4788165983606557 0.8622267759562845
0 0.43012971698113206 0.13856132075471714 0.31538915094339626 0.09485062893081772 0.28343160377358484 0.24398584905660392 0.39817216981132064 0.28769654088050334
0 0.3468750000000001 0.5125 0.34687500000000004 0.37499999999999994 0.278125 0.375 0.27812500000000007 0.5125
0 0.22350961538461553 0.747564102564103 0.16485576923076928 0.6107051282051283 0.05245192307692308 0.696346153846154 0.11110576923076934 0.8332051282051286
0 0.3676562500000002 0.864791666666667 0.2678125000000001 0.8204166666666669 0.24156250000000007 0.925416666666667 0.34140625000000013 0.969791666666667
0 0.4882078729281769 0.6945672191528547 0.3997928176795581 0.5635819521178639 0.3193370165745857 0.6601289134438307 0.4077520718232045 0.7911141804788215
1 0.30409787735849064 0.2423349056603774 0.1967865566037736 0.2014544025157233 0.17090212264150945 0.3222484276729561 0.27821344339622645 0.36312893081761016
1 0.3618491379310345 0.36749712643678156 0.3420646551724138 0.2590488505747126 0.2807036637931034 0.2789497126436781 0.3004881465517241 0.38739798850574714
1 0.27446100917431193 0.6103822629969421 0.22020298165137625 0.5569854740061164 0.16136697247706427 0.6632698776758411 0.215625 0.7166666666666668
1 0.18876796654099906 0.4928840716305374 0.18219618873704047 0.4757765865535658 0.1162619286050895 0.5208048617656299 0.12283370640904809 0.5379123468426015
1 0.33456809042761865 0.6518389564535113 0.2740517114554727 0.590968680528312 0.1935136940957239 0.7333149437687985 0.25403007306786984 0.7941852196939979
1 0.28232003891050594 0.8228274967574579 0.22852322470817135 0.7595371271076525 0.1971060311284048 0.8070119974059665 0.2509028453307394 0.8703023670557718
1 0.528125 0.37916666666666693 0.4 0.37916666666666693 0.4 0.5541666666666667 0.528125 0.5541666666666667
1 0.6091509433962267 0.4902044025157235 0.535938679245283 0.4528805031446543 0.49712264150943397 0.5882389937106921 0.5703349056603776 0.6255628930817613
7 0.4523096396633351 0.5786647378572682 0.38990827196212524 0.4666622830089427 0.31609021567596 0.5397773101876205 0.3784915833771699 0.6517797650359461
7 0.5226562499999999 0.22187500000000016 0.4424999999999999 0.18625000000000008 0.4120312499999999 0.3081250000000001 0.4921874999999999 0.3437500000000001
7 0.32115052456499493 0.2669929205049471 0.30776132292732855 0.12863783691572836 0.25813395598771743 0.1371758785397475 0.27152315762538376 0.2755309621289663
7 0.3077665441176471 0.38412990196078417 0.19793198529411762 0.29626225490196073 0.14168198529411763 0.42126225490196084 0.2515165441176471 0.5091299019607843
7 0.0007779870251886864 0.0017016599307546904 0.0006039086318597563 0.0016213160569105687 0.0004907105738966798 0.002057338206101678 0.00066478896722561 0.0021376820799457997
0 0.21093750000000008 0.47708333333333347 0.17656250000000012 0.44166666666666676 0.16652854139715403 0.4589801638637345 0.20090354139715397 0.4943968305304012
5 0.43178340517241376 0.41374281609195407 0.36181034482758617 0.3347988505747127 0.29211206896551717 0.44462643678160935 0.36208512931034476 0.5235704022988508
5 0.5226625 0.6422333333333334 0.5088125 0.5406666666666666 0.42906249999999985 0.56 0.44291249999999993 0.6615666666666669
5 0.567548076923077 0.6544871794871797 0.5149038461538462 0.6076923076923078 0.46850961538461544 0.7004807692307692 0.5211538461538462 0.7472756410256411
5 0.34683632425742583 0.5505259900990099 0.28489325495049517 0.4829517326732675 0.22634591584158423 0.5783622112211223 0.28828898514851486 0.6459364686468647
5 0.590333707098284 0.3016461908476341 0.5431369442277691 0.21474421476859085 0.47333024570982846 0.28214378575143007 0.5205270085803433 0.36904576183047333
3 0.5490983660998939 0.3478613177470778 0.3389080765143465 0.2512221041445272 0.3149143198724761 0.3439979631597593 0.5251046094580235 0.4406371767623099
3 0.2949301929584039 0.510859318787313 0.2538520579312759 0.4260030774167201 0.023649254710927003 0.6241170050366568 0.06472738973805496 0.7089732464072498
