3 0.6268463638785295 0.514814198188599 0.29982352157698455 0.4780700586041556 0.29098515505029926 0.6179126578708202 0.6180079973518443 0.6546567974552636
0 0.3640625 0.5999999999999999 0.3048018292682927 0.5367886178861788 0.2380335365853658 0.6480691056910568 0.2972942073170731 0.711280487804878
0 0.5609375 0.6020833333333333 0.37500000000000017 0.6020833333333333 0.37500000000000017 0.7229166666666667 0.5609375 0.7229166666666667
0 0.903125 0.579166666666667 0.8148437499999999 0.4614583333333336 0.7343749999999999 0.5687500000000002 0.82265625 0.6864583333333337
7 0.7661875000000001 0.46766666666666706 0.6395312500000002 0.4435416666666671 0.6273125000000002 0.5575833333333337 0.7539687500000001 0.5817083333333336
7 0.3382874768537155 0.7470713241016559 0.33196124506883506 0.6534430936854253 0.12682717273166413 0.6780838230952956 0.13315340451654453 0.7717120535115262
1 0.4171875 0.6145833333333336 0.3496994021856742 0.5703288429632837 0.2979553262280893 0.7106127822260696 0.3654434240424151 0.7548672725961193
1 0.7962861503856042 0.7044569408740361 0.7911335154241648 0.6036943016281064 0.6253205334190233 0.6187682090831192 0.6304731683804627 0.7195308483290489
5 0.7586895790020788 0.6133359320859321 0.7402574264353109 0.5082043952236263 0.6064186690388612 0.5499203715549872 0.6248508216056291 0.655051908417293
5 0.59375 0.7020833333333333 0.55625 0.6020833333333333 0.5200000000000001 0.6262500000000001 0.5575000000000001 0.7262500000000001
5 0.984375 0.6062500000000005 0.8546875 0.6062500000000005 0.8546875 0.6895833333333338 0.984375 0.6895833333333338
0 0.633215606508876 0.6484566074950692 0.5821116863905328 0.6437573964497043 0.5784763313609469 0.7140409270216963 0.6295802514792901 0.7187401380670615
