2 0.721875 0.8479166666666668 0.6476562500000002 0.7489583333333336 0.5875 0.8291666666666672 0.6617187499999999 0.9281250000000003
2 0.77722972972973 0.8688288288288292 0.7512162162162163 0.8436036036036038 0.7223648648648648 0.8964977477477478 0.7483783783783786 0.9217229729729733
2 0.9251039877629882 0.5842081723200235 0.8679174270072991 0.532740267639903 0.8116191230141689 0.6439467940460859 0.868805683769858 0.6954146987262064
1 0.6836745689655173 0.5158764367816094 0.6157866379310344 0.4796695402298852 0.5946659482758619 0.55007183908046 0.6625538793103448 0.5862787356321842
1 0.7115650614754098 0.598787568306011 0.7070056352459017 0.5319159836065573 0.6638960040983607 0.5371413934426229 0.6684554303278688 0.6040129781420764
1 0.8295863970588238 0.6100857843137261 0.7328033088235297 0.6001593137254905 0.7256893382352942 0.7234681372549023 0.8224724264705884 0.7333946078431378
1 0.8693167098445596 0.6903713298791022 0.8339540155440416 0.6628670120898105 0.7926408678756477 0.757297063903282 0.8280035621761657 0.7848013816925737
1 0.6256913129973475 0.743272546419098 0.5842075596816975 0.7127055702917772 0.5451458885941644 0.806949602122016 0.5866296419098143 0.837516578249337
1 0.6579775028387584 0.7747090272520819 0.6157137112036336 0.7321016275548828 0.5644528292959878 0.8224971612414839 0.6067166209311127 0.8651045609386829
1 0.6200362124463521 0.8709638769670962 0.5849530579399144 0.8419295422031478 0.5539793454935623 0.908465665236052 0.5890625 0.9375000000000004
0 0.5870972938144331 0.8305627147766325 0.5533988402061856 0.72946735395189 0.47728737113402053 0.7745704467353953 0.5109858247422681 0.8756658075601377
0 0.7784752155172415 0.45585488505747157 0.7032327586206896 0.4128591954022991 0.6726023706896551 0.5081537356321842 0.7478448275862071 0.5511494252873568
0 0.6046875 0.625 0.5796875 0.625 0.5796875 0.6604166666666667 0.6046875 0.6604166666666667
0 0.6997859922178987 0.6903988326848249 0.6743701361867704 0.6105204280155642 0.6368518968871595 0.6317428664072633 0.6622677529182879 0.7116212710765241
0 0.7726804123711338 0.853457903780069 0.7318943298969071 0.7310996563573887 0.6634664948453608 0.7716494845360827 0.7042525773195876 0.8940077319587633
0 0.6707832178841311 0.8892096977329976 0.5982926637279598 0.8738329135180521 0.5846276763224182 0.9883585222502101 0.6571182304785895 1.0037353064651555
7 0.6734375 0.6104166666666672 0.6148437500000001 0.5322916666666672 0.5648437500000001 0.5989583333333337 0.6234375 0.6770833333333337
7 0.8375342153284671 0.512895377128954 0.7790716240875913 0.48454987834549906 0.7568088503649636 0.5661800486618008 0.8152714416058393 0.5945255474452558
7 0.6993966977138018 0.5316133926051367 0.6903670088907704 0.4497442139429861 0.6574394051651142 0.4562006068303697 0.6664690939881457 0.5380697854925204
7 0.7651654411764708 0.6878676470588239 0.6901654411764707 0.6628676470588238 0.6733455882352943 0.7525735294117648 0.7483455882352944 0.7775735294117649
7 0.0011884862307191078 0.0018779883980644624 0.001080114816654624 0.0018012253131021196 0.0009747408285294471 0.0020656933617300153 0.0010831122425939306 0.002142456446692358
3 0.6522872423485322 0.6909304080782847 0.6285075733916303 0.6233460857797213 0.4554307854465959 0.7316081095148868 0.4792104544034979 0.7991924318134501
3 0.8397741508908686 0.6031574795842616 0.714057280066815 0.5224503526354864 0.6940840757238307 0.5777607646622126 0.819800946547884 0.6584678916109876
5 0.6813537057522127 0.6770925516224189 0.6147746128318584 0.6711744100294986 0.6102806969026549 0.7610527286135695 0.6768597898230093 0.7669708702064899
5 0.7465286726804126 0.6028672680412375 0.6863240979381443 0.5719931271477665 0.6608327963917524 0.6603629725085913 0.7210373711340208 0.6912371134020623
5 0.9020119863013697 0.5620148401826486 0.8835830479452053 0.49648972602739744 0.8039597602739725 0.5363013698630138 0.822388698630137 0.601826484018265
5 0.82198948019802 0.7959735973597362 0.7981033415841583 0.7123721122112213 0.738066212871287 0.742867161716172 0.7619523514851485 0.8264686468646868
5 0.8175240384615385 0.7994230769230771 0.8016225961538461 0.7829326923076925 0.7672956730769231 0.8417788461538463 0.7831971153846154 0.858269230769231
