7 0.3481732801691007 0.8299497181655138 0.3247449262401703 0.6882639586905537 0.11986609782415894 0.7484908058889612 0.14329445175308933 0.8901765653639213
0 0.3453125000000002 0.65 0.17187500000000008 0.65 0.1718750000000001 0.78125 0.3453125000000002 0.78125
2 0.5078125000000002 0.7875 0.49193966124788585 0.685712272129299 0.3341271612478858 0.7294622721292989 0.35 0.83125
0 0.51875 0.5416666666666666 0.34687500000000016 0.5416666666666666 0.34687500000000016 0.73125 0.51875 0.73125
1 0.6968750000000001 0.7395833333333336 0.6817176686851212 0.6731797866205305 0.5480401167820069 0.7274257497116494 0.5631974480968859 0.7938292964244523
7 0.6157517197682839 0.7402440864108133 0.5671965514120203 0.5934995776007723 0.4669476375814627 0.6524695269128652 0.5155028059377263 0.7992140357229062
1 0.7555864726027399 0.5656963470319637 0.6167915239726025 0.4815781963470321 0.5543985445205479 0.6645976027397261 0.6931934931506852 0.7487157534246578
2 0.8795132196752234 0.6878581289811095 0.8617375235791027 0.5765668142923535 0.6864689268432705 0.6263344405259849 0.7042446229393914 0.737625755214741
1 0.94375 0.6666666666666667 0.9336611392028555 0.60688082490581 0.859375 0.6291666666666665 0.8694638607971445 0.6889525084275233
5 0.9179061268068331 0.5519519272886557 0.8299462056504598 0.44053602715724927 0.7524700229960576 0.5492745291283397 0.8404299441524307 0.6606904292597462
7 0.8125 0.4749999999999999 0.7465963375796176 0.4270700636942676 0.7090963375796178 0.5187367303609344 0.7750000000000001 0.5666666666666667
3 0.7875768442622955 0.5926229508196723 0.6853739754098361 0.4290983606557377 0.6487961065573771 0.46974043715846997 0.7509989754098363 0.6332650273224046
5 0.6985474499677212 0.5079325371207231 0.6670291316978696 0.3769152141166342 0.5439330818269851 0.42956006563374205 0.5754514000968366 0.5605773886378309
0 0.5998345588235295 0.5082843137254904 0.5230698529411765 0.4855392156862747 0.5025183823529412 0.6088480392156864 0.5792830882352943 0.6315931372549021
5 0.5527009758364312 0.5588599752168528 0.4614079925650557 0.4652261462205703 0.42092239776951673 0.5354011771995046 0.5122153810408923 0.6290350061957871
1 0.4099412343050945 0.5344034131909366 0.3204229957425314 0.4690019603598403 0.25265528034348395 0.6339034011641893 0.342173518906047 0.6993048539952855
1 0.27679378616200584 0.649303881388621 0.27017538572806177 0.5925747348119577 0.19650659956605593 0.6078541867566699 0.203125 0.6645833333333334
0 0.33208949981266395 0.4980704383664296 0.2556294492319221 0.404172130635694 0.16354791120269768 0.537471119020857 0.2400079617834395 0.6313694267515927
0 0.8164259086672878 0.42271474060267167 0.7519381989748368 0.2810946722584654 0.646008562441752 0.3668472351662007 0.710496272134203 0.5084673035104069
0 0.5038461538461537 0.36185897435897424 0.4848557692307692 0.3238782051282051 0.4145432692307692 0.38637820512820525 0.43353365384615367 0.42435897435897424
3 0.5652449324324323 0.4969594594594593 0.5414695945945945 0.30675675675675673 0.2186655405405405 0.3784909909909908 0.2424408783783783 0.5686936936936935
1 0.5828125000000002 0.29375000000000023 0.5425933953341742 0.28800441361916795 0.5321366645649435 0.4181326187473732 0.5723557692307695 0.42387820512820545
1 0.41875000000000007 0.37916666666666676 0.33593750000000006 0.3791666666666667 0.3359375 0.41041666666666676 0.41875000000000007 0.4104166666666668
1 0.29218749999999993 0.44791666666666685 0.2918127342286071 0.4279291588590465 0.22931273422860712 0.43001249219237975 0.2296875 0.4500000000000001
7 0.68125 0.2791666666666669 0.5578125 0.2791666666666669 0.5578125 0.4166666666666669 0.68125 0.4166666666666669
