0 0.3234375 0.41875 0.3203125 0.42916666666666664 0.325 0.4375 0.371875 0.44583333333333336 0.4125 0.49583333333333335 0.4875 0.5041666666666667 0.515625 0.475 0.5390625 0.475 0.571875 0.43125 0.590625 0.38333333333333336 0.5921875 0.33958333333333335 0.5828125 0.3 0.575 0.28958333333333336 0.565625 0.28958333333333336 0.5296875 0.3770833333333333 0.4984375 0.4041666666666667 0.46875 0.4125 0.4359375 0.4041666666666667 0.378125 0.4125 0.340625 0.3958333333333333
0 0.690625 0.4083333333333333 0.6859375 0.4166666666666667 0.7078125 0.46041666666666664 0.7078125 0.48333333333333334 0.696875 0.5083333333333333 0.7296875 0.5375 0.75 0.59375 0.809375 0.5895833333333333 0.7890625 0.5645833333333333 0.775 0.5270833333333333 0.7484375 0.4875 0.7234375 0.42083333333333334 0.709375 0.4083333333333333
1 0.2984375 0.48333333333333334 0.296875 0.5020833333333333 0.3078125 0.5458333333333333 0.334375 0.5645833333333333 0.365625 0.5583333333333333 0.3765625 0.5333333333333333 0.4046875 0.4979166666666667 0.38125 0.45625 0.34375 0.4395833333333333 0.31875 0.44583333333333336
1 0.703125 0.325 0.7078125 0.35520833333333335 0.7015625 0.3958333333333333 0.7203125 0.4125 0.734375 0.4395833333333333 0.7484375 0.44166666666666665 0.790625 0.42083333333333334 0.8078125 0.4 0.809375 0.35625 0.7828125 0.29375 0.7671875 0.28958333333333336 0.7203125 0.30416666666666664
1 0.4296875 0.6041666666666666 0.4265625 0.63125 0.43125 0.6604166666666667 0.453125 0.6958333333333333 0.4921875 0.6791666666666667 0.51875 0.68125 0.5421875 0.6958333333333333 0.5640625 0.6416666666666667 0.5546875 0.5854166666666667 0.534375 0.5625 0.5046875 0.54375 0.4765625 0.5416666666666666 0.4578125 0.5520833333333334
1 0.3 0.6854166666666667 0.303125 0.7291666666666666 0.3421875 0.7 0.3765625 0.6979166666666666 0.4078125 0.7125 0.425 0.7354166666666667 0.4328125 0.7083333333333334 0.4265625 0.6770833333333334 0.4078125 0.65 0.359375 0.6270833333333333 0.31875 0.6458333333333334
1 0.4875 0.36041666666666666 0.4890625 0.39791666666666664 0.5015625 0.4 0.5296875 0.375 0.546875 0.32083333333333336 0.5078125 0.32708333333333334 0.49375 0.3416666666666667
1 0.5734375 0.48125 0.5640625 0.5020833333333333 0.5765625 0.5354166666666667 0.575 0.5729166666666666 0.6125 0.5875 0.6171875 0.55625 0.63125 0.53125 0.5953125 0.4708333333333333
3 0.559375 0.5979166666666667 0.565625 0.61875 0.5625 0.6541666666666667 0.54375 0.7 0.5609375 0.7333333333333333 0.590625 0.7333333333333333 0.6015625 0.7020833333333333 0.6375 0.6583333333333333 0.60625 0.5854166666666667 0.58125 0.58125
3 0.2859375 0.76875 0.2859375 0.8166666666666667 0.2953125 0.8416666666666667 0.4203125 0.80625 0.434375 0.7916666666666666 0.4265625 0.7395833333333334 0.4078125 0.7145833333333333 0.3796875 0.7 0.34375 0.7020833333333333 0.3171875 0.7166666666666667
3 0.6015625 0.325 0.6 0.36875 0.6234375 0.4041666666666667 0.6640625 0.4 0.6859375 0.4083333333333333 0.703125 0.37916666666666665 0.703125 0.3333333333333333 0.675 0.28125 0.634375 0.28125 0.61875 0.2916666666666667
3 0.6921875 0.2916666666666667 0.6890625 0.3 0.7 0.3229166666666667 0.7125 0.30625 0.75 0.29375 0.7296875 0.28125
3 0.7421875 0.45208333333333334 0.7390625 0.4625 0.74375 0.47708333333333336 0.771875 0.51875 0.796875 0.475 0.8328125 0.4583333333333333 0.8203125 0.4395833333333333 0.7875 0.4270833333333333 0.765625 0.43125
2 0.7125 0.675 0.7125 0.7041666666666667 0.7171875 0.7166666666666667 0.725 0.7166666666666667 0.8484375 0.6770833333333334 0.8515625 0.6520833333333333 0.84375 0.6270833333333333 0.821875 0.5979166666666667 0.80625 0.5875 0.765625 0.5916666666666667 0.7484375 0.5979166666666667 0.7296875 0.6208333333333333
2 0.4375 0.7354166666666667 0.434375 0.7729166666666667 0.4421875 0.7979166666666667 0.5046875 0.7833333333333333 0.5578125 0.7604166666666666 0.546875 0.7104166666666667 0.5171875 0.6833333333333333 0.475 0.6854166666666667 0.4546875 0.7020833333333333
4 0.778125 0.5041666666666667 0.7765625 0.5270833333333333 0.7859375 0.5541666666666667 0.8203125 0.5875 0.8453125 0.5895833333333333 0.8625 0.5770833333333333 0.88125 0.5479166666666667 0.88125 0.5166666666666667 0.875 0.5 0.85 0.4666666666666667 0.815625 0.46458333333333335 0.79375 0.4791666666666667
4 0.5984375 0.44583333333333336 0.596875 0.46875 0.6046875 0.49375 0.6328125 0.5291666666666667 0.665625 0.5104166666666666 0.69375 0.50625 0.70625 0.48333333333333334 0.703125 0.45208333333333334 0.684375 0.41458333333333336 0.6734375 0.40625 0.6546875 0.40208333333333335 0.6234375 0.41041666666666665 0.6078125 0.425
4 0.4859375 0.5125 0.4875 0.5375 0.5234375 0.5520833333333334 0.5578125 0.5875 0.56875 0.5791666666666667 0.575 0.5541666666666667 0.5734375 0.5291666666666667 0.5515625 0.4875 0.5171875 0.47708333333333336
5 0.3171875 0.6020833333333333 0.3203125 0.6416666666666667 0.346875 0.6270833333333333 0.3765625 0.6291666666666667 0.36875 0.6041666666666666 0.365625 0.5604166666666667 0.340625 0.5666666666666667
5 0.3703125 0.5541666666666667 0.36875 0.5958333333333333 0.378125 0.6291666666666667 0.409375 0.6479166666666667 0.4265625 0.65 0.425 0.6166666666666667 0.440625 0.5729166666666666 0.4796875 0.5354166666666667 0.4703125 0.5145833333333333 0.4546875 0.5041666666666667 0.409375 0.5 0.38125 0.5291666666666667
5 0.4 0.3854166666666667 0.4 0.40625 0.4875 0.4041666666666667 0.48125 0.37083333333333335 0.4578125 0.3541666666666667 0.421875 0.35833333333333334
5 0.584375 0.28958333333333336 0.5984375 0.33958333333333335 0.60625 0.30625 0.6171875 0.2916666666666667 0.6515625 0.27291666666666664 0.6140625 0.26875
5 0.615625 0.56875 0.6203125 0.6166666666666667 0.6421875 0.6604166666666667 0.6796875 0.66875 0.7046875 0.6854166666666667 0.7234375 0.6291666666666667 0.746875 0.5958333333333333 0.7359375 0.55 0.721875 0.5291666666666667 0.69375 0.5104166666666666 0.646875 0.5229166666666667 0.6234375 0.5479166666666667
5 0.5953125 0.7229166666666667 0.596875 0.7520833333333333 0.6265625 0.7520833333333333 0.7078125 0.7229166666666667 0.7125 0.7145833333333333 0.6984375 0.6833333333333333 0.6546875 0.6645833333333333 0.61875 0.68125
5 0.840625 0.6020833333333333 0.8359375 0.6104166666666667 0.85 0.6375 0.85625 0.6729166666666667 0.9109375 0.6583333333333333 0.9203125 0.6479166666666667 0.9078125 0.6166666666666667 0.8890625 0.5979166666666667 0.85625 0.59375