0 0.2515625 0.51875 0.25 0.5354166666666667 0.2734375 0.5604166666666667 0.3875 0.6125 0.6140625 0.6708333333333333 0.63125 0.66875 0.6484375 0.6479166666666667 0.6671875 0.65 0.6984375 0.66875 0.7140625 0.64375 0.7125 0.6270833333333333 0.6953125 0.6 0.6765625 0.5895833333333333 0.659375 0.5916666666666667 0.6359375 0.5583333333333333 0.621875 0.5520833333333334 0.3609375 0.5 0.28125 0.5020833333333333
2 0.775 0.48125 0.7734375 0.4895833333333333 0.7921875 0.5229166666666667 0.7984375 0.5791666666666667 0.775 0.63125 0.7859375 0.64375 0.8 0.64375 0.8390625 0.6270833333333333 0.8546875 0.5833333333333334 0.8765625 0.5458333333333333 0.86875 0.5 0.853125 0.47708333333333336 0.83125 0.46458333333333335 0.7984375 0.4666666666666667
2 0.584375 0.35625 0.584375 0.36666666666666664 0.6171875 0.3729166666666667 0.634375 0.3854166666666667 0.65625 0.4354166666666667 0.68125 0.41458333333333336 0.678125 0.36875 0.66875 0.33958333333333335 0.65625 0.3229166666666667 0.61875 0.3104166666666667 0.596875 0.33125
4 0.4765625 0.38333333333333336 0.4890625 0.42916666666666664 0.4890625 0.46875 0.5015625 0.49375 0.5328125 0.5041666666666667 0.5546875 0.48333333333333334 0.565625 0.45416666666666666 0.5671875 0.425 0.5546875 0.37916666666666665 0.5390625 0.35208333333333336 0.4953125 0.35
4 0.4515625 0.33958333333333335 0.446875 0.3625 0.4734375 0.3875 0.496875 0.34791666666666665 0.5390625 0.35 0.540625 0.34375 0.5296875 0.3125 0.5109375 0.3020833333333333 0.471875 0.31875
4 0.55625 0.525 0.5484375 0.5375 0.634375 0.5520833333333334 0.621875 0.5291666666666667 0.6046875 0.51875 0.5703125 0.5166666666666667
3 0.190625 0.42083333333333334 0.1875 0.4270833333333333 0.203125 0.45416666666666666 0.2421875 0.4354166666666667 0.221875 0.42083333333333334
3 0.6109375 0.5145833333333333 0.6078125 0.51875 0.6234375 0.5291666666666667 0.64375 0.5604166666666667 0.65 0.5208333333333334 0.6359375 0.5125
3 0.8484375 0.6041666666666666 0.8484375 0.63125 0.8953125 0.65625 0.9046875 0.6770833333333334 0.9140625 0.6791666666666667 0.9984375 0.6354166666666666 0.9984375 0.5645833333333333 0.95625 0.5291666666666667 0.9109375 0.5270833333333333 0.8796875 0.5458333333333333
1 0.2578125 0.36875 0.25625 0.4041666666666667 0.2625 0.43333333333333335 0.2890625 0.45 0.3171875 0.48125 0.340625 0.4708333333333333 0.3453125 0.4083333333333333 0.365625 0.375 0.38125 0.3645833333333333 0.38125 0.35625 0.35 0.31875 0.3078125 0.3104166666666667 0.278125 0.33125
1 0.6515625 0.51875 0.646875 0.5645833333333333 0.653125 0.575 0.69375 0.575 0.7140625 0.5833333333333334 0.746875 0.60625 0.7625 0.6354166666666666 0.7734375 0.6291666666666667 0.7953125 0.5875 0.7875 0.5145833333333333 0.7703125 0.48541666666666666 0.7375 0.4625 0.7015625 0.46458333333333335 0.665625 0.49375
1 0.7609375 0.6958333333333333 0.75625 0.75625 0.8234375 0.7291666666666666 0.90625 0.68125 0.8859375 0.6520833333333333 0.828125 0.63125 0.7875 0.6520833333333333 0.765625 0.6791666666666667
1 0.51875 0.8333333333333334 0.521875 0.88125 0.66875 0.8083333333333333 0.6875 0.7916666666666666 0.646875 0.75 0.5984375 0.7395833333333334 0.5453125 0.7729166666666667 0.528125 0.7979166666666667
1 0.2765625 0.5791666666666667 0.278125 0.5958333333333333 0.340625 0.7104166666666667 0.3828125 0.7041666666666667 0.375 0.6583333333333333 0.353125 0.6125 0.3140625 0.58125
5 0.54375 0.3416666666666667 0.54375 0.35625 0.5609375 0.3770833333333333 0.58125 0.36666666666666664 0.59375 0.33541666666666664 0.5625 0.32916666666666666
5 0.5578125 0.37916666666666665 0.56875 0.43125 0.55625 0.48541666666666666 0.5640625 0.5104166666666666 0.6046875 0.5145833333333333 0.6359375 0.5083333333333333 0.65 0.48541666666666666 0.65625 0.44583333333333336 0.6375 0.39166666666666666 0.6140625 0.3729166666666667 0.596875 0.36875 0.5765625 0.36875
5 0.65625 0.44375 0.6515625 0.50625 0.709375 0.4583333333333333 0.75 0.4666666666666667 0.7484375 0.45208333333333334 0.7328125 0.4270833333333333 0.709375 0.41458333333333336 0.6828125 0.4166666666666667
5 0.65625 0.5833333333333334 0.671875 0.5833333333333334 0.6984375 0.5979166666666667 0.7125 0.6208333333333333 0.7125 0.6541666666666667 0.7015625 0.6708333333333333 0.6890625 0.6708333333333333 0.6515625 0.65 0.634375 0.6708333333333333 0.6140625 0.675 0.6140625 0.7291666666666666 0.6578125 0.7541666666666667 0.684375 0.78125 0.7125 0.78125 0.7421875 0.7666666666666667 0.759375 0.7354166666666667 0.7578125 0.7083333333333334 0.765625 0.6729166666666667 0.7640625 0.6458333333333334 0.7546875 0.61875 0.7109375 0.5833333333333334 0.690625 0.5770833333333333
5 0.4390625 0.7375 0.4390625 0.75 0.4640625 0.8083333333333333 0.4671875 0.8666666666666667 0.5140625 0.8708333333333333 0.51875 0.8208333333333333 0.528125 0.79375 0.546875 0.76875 0.5921875 0.7416666666666667 0.59375 0.7333333333333333 0.5796875 0.6979166666666666 0.5453125 0.6604166666666667 0.50625 0.6520833333333333 0.465625 0.6854166666666667
5 0.346875 0.7145833333333333 0.346875 0.725 0.425 0.8770833333333333 0.4375 0.89375 0.45625 0.8875 0.4640625 0.85 0.4625 0.8145833333333333 0.45 0.7729166666666667 0.434375 0.7458333333333333 0.384375 0.7104166666666667
5 0.46875 0.875 0.440625 0.8979166666666667 0.4578125 0.9354166666666667 0.471875 0.9104166666666667 0.5125 0.8875 0.4984375 0.8708333333333333