0 0.3484375 0.7916666666666666 0.3484375 0.8166666666666667 0.3640625 0.83125 0.4140625 0.7979166666666667 0.453125 0.8020833333333334 0.5015625 0.7666666666666667 0.5421875 0.6791666666666667 0.553125 0.6104166666666667 0.55 0.58125 0.5203125 0.5395833333333333 0.515625 0.5208333333333334 0.521875 0.5041666666666667 0.5109375 0.47291666666666665 0.4984375 0.4708333333333333 0.49375 0.48125 0.49375 0.6020833333333333 0.4625 0.68125 0.4109375 0.73125 0.390625 0.7625
0 0.6234375 0.5229166666666667 0.6234375 0.55625 0.63125 0.58125 0.653125 0.6125 0.6671875 0.6520833333333333 0.7296875 0.6916666666666667 0.7890625 0.6979166666666666 0.80625 0.6291666666666667 0.7875 0.6291666666666667 0.765625 0.6416666666666667 0.7296875 0.6375 0.7125 0.60625 0.7078125 0.5645833333333333 0.6703125 0.5020833333333333 0.640625 0.49583333333333335
2 0.6984375 0.75 0.696875 0.7979166666666667 0.7046875 0.8354166666666667 0.721875 0.8666666666666667 0.740625 0.8833333333333333 0.771875 0.8520833333333333 0.8265625 0.7708333333333334 0.8015625 0.7229166666666667 0.771875 0.6979166666666666 0.7296875 0.7041666666666667 0.709375 0.725
3 0.6328765625 0.3191791666666666 0.600484375 0.35970833333333335 0.6037234375 0.4054645833333333 0.6212156249999999 0.3843125 0.6422718749999999 0.35323333333333334
1 0.6110125 0.40771875 0.61279375 0.4425854166666667 0.6296375000000001 0.47711875 0.6474546875 0.49179375000000003 0.670453125 0.4956791666666666 0.68470625 0.49870000000000003 0.6947484375 0.4797083333333333 0.7229296875 0.45121875 0.7012265625 0.40244166666666664 0.663003125 0.34762291666666667 0.6451859375 0.36747916666666663 0.6254265625000001 0.3881979166666667
3 0.5828125 0.43333333333333335 0.5421875 0.45 0.5203125 0.47708333333333336 0.51875 0.5291666666666667 0.5234375 0.5458333333333333 0.5421875 0.56875 0.5640625 0.58125 0.59375 0.5770833333333333 0.615625 0.5583333333333333 0.6203125 0.5229166666666667 0.6296875 0.5020833333333333 0.628125 0.4875 0.6109375 0.45208333333333334 0.6015625 0.4395833333333333 0.5875 0.43333333333333335
3 0.7265625 0.45208333333333334 0.7171875 0.45416666666666666 0.7015625 0.4708333333333333 0.6921875 0.5 0.7015625 0.54375 0.715625 0.5708333333333333 0.7265625 0.5625 0.74375 0.5270833333333333 0.775 0.50625 0.75625 0.47291666666666665 0.7359375 0.45208333333333334
3 0.5953125 0.7791666666666667 0.5875 0.8041666666666667 0.5859375 0.8333333333333334 0.6203125 0.90625 0.6359375 0.9145833333333333 0.6578125 0.8708333333333333 0.66875 0.8625 0.671875 0.8479166666666667 0.6328125 0.825 0.603125 0.7791666666666667
3 0.5453125 0.81875 0.51875 0.8229166666666666 0.5015625 0.8354166666666667 0.4875 0.85625 0.478125 0.8895833333333333 0.4828125 0.95 0.5015625 0.9791666666666666 0.51875 0.9916666666666667 0.5296875 0.99375 0.5953125 0.9625 0.6109375 0.9208333333333333 0.6109375 0.8958333333333334 0.590625 0.85 0.5796875 0.8333333333333334 0.55625 0.81875
5 0.603125 0.75 0.603125 0.775 0.6328125 0.8229166666666666 0.659375 0.8375 0.6984375 0.83125 0.69375 0.7645833333333333 0.703125 0.7333333333333333 0.7296875 0.7 0.7125 0.68125 0.6484375 0.6583333333333333 0.61875 0.6854166666666667
5 0.80625 0.6479166666666667 0.7953125 0.7020833333333333 0.83125 0.75625 0.8484375 0.7479166666666667 0.8765625 0.7166666666666667 0.89375 0.675 0.859375 0.6229166666666667 0.8265625 0.6229166666666667
5 0.65 0.8895833333333333 0.640625 0.9291666666666667 0.6484375 0.975 0.6578125 0.9875 0.6703125 0.9854166666666667 0.7359375 0.8916666666666667 0.6984375 0.8375 0.6765625 0.8458333333333333
5 0.4359375 0.8520833333333333 0.434375 0.8916666666666667 0.4421875 0.9395833333333333 0.453125 0.9583333333333334 0.478125 0.9541666666666667 0.48125 0.8666666666666667 0.4953125 0.8395833333333333 0.525 0.81875 0.5265625 0.8104166666666667 0.50625 0.7833333333333333 0.48125 0.7854166666666667 0.446875 0.8145833333333333
5 0.428125 0.6333333333333333 0.428125 0.66875 0.446875 0.6979166666666666 0.4734375 0.65625 0.4890625 0.60625 0.4796875 0.5875 0.4625 0.5875 0.45 0.5958333333333333
5 0.39375 0.7166666666666667 0.396875 0.7479166666666667 0.44375 0.7 0.425 0.6833333333333333 0.409375 0.6916666666666667
5 0.5140625 0.4395833333333333 0.51875 0.46875 0.5328125 0.44583333333333336 0.5515625 0.43125 0.56875 0.4270833333333333 0.6046875 0.44166666666666665 0.60625 0.4354166666666667 0.590625 0.3958333333333333 0.55625 0.3875 0.5296875 0.41041666666666665
4 0.553125 0.61875 0.55 0.6479166666666667 0.5546875 0.6645833333333333 0.584375 0.69375 0.6109375 0.69375 0.63125 0.6645833333333333 0.6625 0.65 0.646875 0.6041666666666666 0.6234375 0.5833333333333334 0.5703125 0.5875
4 0.715625 0.58125 0.7140625 0.6083333333333333 0.7265625 0.6333333333333333 0.7390625 0.6395833333333333 0.778125 0.6375 0.8046875 0.6229166666666667 0.828125 0.58125 0.78125 0.5145833333333333 0.76875 0.5145833333333333 0.7390625 0.5333333333333333
4 0.5109375 0.7479166666666667 0.509375 0.775 0.53125 0.8145833333333333 0.5703125 0.8229166666666666 0.5828125 0.8166666666666667 0.596875 0.7583333333333333 0.5765625 0.7145833333333333 0.553125 0.6958333333333333 0.5390625 0.6979166666666666