0 0.296875 0.39375 0.29375 0.4083333333333333 0.3328125 0.4625 0.33125 0.49375 0.346875 0.5395833333333333 0.3828125 0.5541666666666667 0.41875 0.5916666666666667 0.4515625 0.5854166666666667 0.4734375 0.56875 0.4796875 0.5520833333333334 0.48125 0.5125 0.471875 0.4666666666666667 0.4546875 0.4375 0.4453125 0.4354166666666667 0.4234375 0.48125 0.4171875 0.48333333333333334 0.396875 0.45 0.3609375 0.43125 0.33125 0.37916666666666665
3 0.3421875 0.7583333333333333 0.340625 0.7770833333333333 0.3671875 0.86875 0.3625 0.9 0.375 0.9083333333333333 0.4796875 0.9 0.48125 0.8395833333333333 0.471875 0.8 0.45 0.7645833333333333 0.425 0.7458333333333333 0.3953125 0.7375 0.365625 0.74375
3 0.5 0.51875 0.4984375 0.5625 0.521875 0.6083333333333333 0.55625 0.5833333333333334 0.5953125 0.5833333333333334 0.6015625 0.5729166666666666 0.6015625 0.5125 0.584375 0.48333333333333334 0.5703125 0.47291666666666665 0.55 0.46875 0.528125 0.475 0.5078125 0.4979166666666667
1 0.3984375 0.7 0.3875 0.7354166666666667 0.4046875 0.7354166666666667 0.4359375 0.75 0.45625 0.76875 0.4734375 0.7979166666666667 0.4984375 0.7895833333333333 0.5390625 0.79375 0.5515625 0.75625 0.5515625 0.725 0.5390625 0.6875 0.515625 0.6520833333333333 0.490625 0.6333333333333333 0.459375 0.6291666666666667 0.4328125 0.6395833333333333
1 0.60625 0.5416666666666666 0.5984375 0.5833333333333334 0.6125 0.5916666666666667 0.628125 0.6145833333333334 0.6359375 0.6604166666666667 0.65 0.6291666666666667 0.65 0.5895833333333333 0.6359375 0.5541666666666667
1 0.2546875 0.4270833333333333 0.24375 0.42083333333333334 0.2828125 0.5625 0.296875 0.5229166666666667 0.2953125 0.48541666666666666 0.2796875 0.45208333333333334
1 0.3171875 0.6541666666666667 0.309375 0.6541666666666667 0.309375 0.6625 0.3375 0.7604166666666666 0.378125 0.7375 0.378125 0.7208333333333333 0.365625 0.6958333333333333 0.3375 0.6645833333333333
5 0.253125 0.4083333333333333 0.2453125 0.42083333333333334 0.28125 0.45208333333333334 0.2984375 0.49583333333333335 0.2953125 0.5354166666666667 0.284375 0.5625 0.2890625 0.5833333333333334 0.3125 0.5583333333333333 0.34375 0.5395833333333333 0.33125 0.49583333333333335 0.3328125 0.4708333333333333 0.3140625 0.43333333333333335 0.2890625 0.40208333333333335 0.26875 0.4
5 0.309375 0.5645833333333333 0.2890625 0.5833333333333334 0.30625 0.65 0.3453125 0.66875 0.3859375 0.7270833333333333 0.428125 0.6395833333333333 0.41875 0.5958333333333333 0.39375 0.5645833333333333 0.3671875 0.5479166666666667 0.3453125 0.54375
5 0.4671875 0.44375 0.4828125 0.5125 0.48125 0.5583333333333333 0.496875 0.5625 0.496875 0.525 0.51875 0.47708333333333336 0.49375 0.4479166666666667
5 0.4578125 0.5854166666666667 0.4875 0.625 0.515625 0.6395833333333333 0.5171875 0.60625 0.4953125 0.5666666666666667 0.4796875 0.5604166666666667
5 0.5546875 0.7354166666666667 0.5453125 0.79375 0.5796875 0.8479166666666667 0.6125 0.84375 0.6515625 0.85625 0.6703125 0.8041666666666667 0.66875 0.7625 0.6515625 0.7208333333333333 0.63125 0.70625 0.5890625 0.7 0.5640625 0.7145833333333333
5 0.5828125 0.85 0.590625 0.90625 0.675 0.9083333333333333 0.6640625 0.8791666666666667 0.64375 0.85625 0.6140625 0.8458333333333333
2 0.6640625 0.8416666666666667 0.65625 0.8645833333333334 0.68125 0.9125 0.728125 0.91875 0.784375 0.9104166666666667 0.76875 0.8416666666666667 0.75 0.8208333333333333 0.7015625 0.8125
2 0.475 0.8020833333333334 0.484375 0.8520833333333333 0.48125 0.9 0.5875 0.9020833333333333 0.5796875 0.8520833333333333 0.5515625 0.80625 0.521875 0.7916666666666666
4 0.5203125 0.6229166666666667 0.5203125 0.6541666666666667 0.55625 0.7104166666666667 0.5875 0.6979166666666666 0.615625 0.7 0.63125 0.6770833333333334 0.628125 0.61875 0.6046875 0.5895833333333333 0.5578125 0.5854166666666667 0.5328125 0.6020833333333333
4 0.66875 0.7333333333333333 0.675 0.8208333333333333 0.7015625 0.8104166666666667 0.746875 0.8125 0.746875 0.7791666666666667 0.7234375 0.7333333333333333 0.7078125 0.725
4 0.4234375 0.59375 0.4296875 0.6395833333333333 0.4578125 0.6270833333333333 0.4875 0.63125 0.45625 0.5895833333333333