0 0.2515625 0.07916666666666666 0.25 0.09375 0.25625 0.10416666666666667 0.2984375 0.12916666666666668 0.3171875 0.15 0.3328125 0.19791666666666666 0.346875 0.21875 0.390625 0.23541666666666666 0.425 0.26666666666666666 0.4703125 0.24583333333333332 0.5125 0.25833333333333336 0.5578125 0.2125 0.571875 0.175 0.56875 0.11041666666666666 0.5640625 0.09375 0.553125 0.08541666666666667 0.540625 0.0875 0.50625 0.14583333333333334 0.4859375 0.15625 0.46015625 0.15625 0.421875 0.14166666666666666 0.3765625 0.10625 0.3375 0.10416666666666667 0.284375 0.05625
0 0.7 0.26875 0.703125 0.2916666666666667 0.690625 0.3229166666666667 0.715625 0.35625 0.725 0.38125 0.7296875 0.43333333333333335 0.7625 0.42083333333333334
3 0.1453125 0.46458333333333335 0.14375 0.49583333333333335 0.15 0.5145833333333333 0.34375 0.5104166666666666 0.33125 0.44375 0.2953125 0.39791666666666664 0.2578125 0.38125 0.225 0.38125 0.175 0.4083333333333333 0.15625 0.43125
3 0.5859375 0.15 0.5859375 0.17083333333333334 0.596875 0.20625 0.6265625 0.19375 0.6625 0.19791666666666666 0.6921875 0.225 0.7046875 0.19583333333333333 0.70625 0.15416666666666667 0.6953125 0.10833333333333334 0.6828125 0.0875 0.6625 0.075 0.6171875 0.08541666666666667 0.596875 0.11666666666666667
3 0.7296875 0.3125 0.7234375 0.32916666666666666 0.7671875 0.4125 0.76875 0.36875 0.7796875 0.35208333333333336 0.803125 0.3375 0.80625 0.32708333333333334 0.771875 0.30416666666666664 0.7453125 0.30416666666666664
3 0.5234375 0.38958333333333334 0.5203125 0.42291666666666666 0.4953125 0.47708333333333336 0.50625 0.5166666666666667 0.5453125 0.51875 0.5875 0.47708333333333336 0.5875 0.46875 0.5796875 0.42916666666666664 0.559375 0.4 0.540625 0.3875
1 0.5296875 0.28958333333333336 0.534375 0.33229166666666665 0.528125 0.37916666666666665 0.55 0.38958333333333334 0.578125 0.42083333333333334 0.58125 0.38125 0.5921875 0.34791666666666665 0.575 0.2875 0.56875 0.2791666666666667 0.5484375 0.2791666666666667
1 0.4484375 0.13333333333333333 0.446875 0.15 0.4828125 0.15416666666666667 0.50625 0.14375 0.5203125 0.11875 0.509375 0.11041666666666666 0.4765625 0.10833333333333334
1 0.1984375 0.17708333333333334 0.1984375 0.24583333333333332 0.21875 0.28958333333333336 0.24375 0.2833333333333333 0.2765625 0.28958333333333336 0.3020828125 0.24305625 0.3328125 0.21875 0.31875 0.16875 0.28125 0.14166666666666666 0.2359375 0.1375 0.221875 0.14583333333333334
1 0.175 0.38333333333333336 0.1734375 0.40625 0.21875 0.38125 0.2640625 0.38125 0.296875 0.39791666666666664 0.3328125 0.4375 0.3296875 0.41041666666666665 0.315625 0.38125 0.2875 0.34791666666666665 0.265625 0.3333333333333333 0.228125 0.32916666666666666 0.2078125 0.3375 0.1859375 0.35833333333333334
1 0.3515625 0.36666666666666664 0.3515625 0.4 0.36875 0.4479166666666667 0.4 0.42291666666666666 0.4390625 0.42083333333333334 0.465625 0.4354166666666667 0.490625 0.46875 0.5203125 0.4166666666666667 0.5203125 0.3770833333333333 0.5 0.32708333333333334 0.475 0.29375 0.44375 0.27291666666666664 0.428125 0.2708333333333333 0.390625 0.28958333333333336 0.3625 0.32916666666666666
1 0.7078125 0.16041666666666668 0.70625 0.19791666666666666 0.6953125 0.2375 0.71875 0.3104166666666667 0.7234375 0.31666666666666665 0.746875 0.3020833333333333 0.7890625 0.3020833333333333 0.803125 0.27291666666666664 0.80625 0.24166666666666667 0.8046875 0.19791666666666666 0.7953125 0.1625 0.78125 0.14791666666666667 0.7546875 0.14166666666666666 0.73125 0.14375
5 0.5765625 0.08958333333333333 0.56875 0.1 0.575 0.18958333333333333 0.5796875 0.20625 0.5875 0.21041666666666667 0.5921875 0.20625 0.5859375 0.17291666666666666 0.5875 0.1375 0.6140625 0.0875 0.6046875 0.08125
5 0.2515625 0.125 0.2484375 0.13541666666666666 0.278125 0.13958333333333334 0.31875 0.16666666666666666 0.3078125 0.14375 0.284375 0.12291666666666666
5 0.28125 0.28541666666666665 0.2828125 0.3020833333333333 0.31875 0.35 0.3203125 0.3854166666666667 0.346875 0.39791666666666664 0.3609375 0.32916666666666666 0.390625 0.2875 0.4171875 0.26875 0.3859375 0.23541666666666666 0.3375 0.22083333333333333 0.309375 0.2375
5 0.2078125 0.3145833333333333 0.203125 0.33541666666666664 0.2484375 0.32708333333333334 0.2796875 0.3375 0.2859375 0.31875 0.2734375 0.2916666666666667 0.2578125 0.28541666666666665 0.2375 0.2875
5 0.55625 0.5083333333333333 0.5546875 0.51875 0.5984375 0.5270833333333333 0.6734375 0.5229166666666667 0.65 0.4895833333333333 0.60625 0.47708333333333336 0.5765625 0.48541666666666666
5 0.584375 0.375 0.5828125 0.4354166666666667 0.590625 0.46875 0.6484375 0.48541666666666666 0.675 0.5166666666666667 0.6828125 0.5145833333333333 0.6953125 0.4791666666666667 0.728125 0.4354166666666667 0.728125 0.4041666666666667 0.7171875 0.3625 0.684375 0.3229166666666667 0.615625 0.3333333333333333 0.6 0.3458333333333333
5 0.8453125 0.475 0.8546875 0.51875 0.903125 0.51875 0.884375 0.4875
2 0.6875 0.5020833333333333 0.6859375 0.5208333333333334 0.7046875 0.5229166666666667 0.8515625 0.51875 0.85 0.4979166666666667 0.828125 0.44583333333333336 0.809375 0.425 0.7515625 0.42291666666666666 0.7171875 0.45
2 0.3484375 0.48333333333333334 0.346875 0.5104166666666666 0.3515625 0.5166666666666667 0.5 0.51875 0.4890625 0.46875 0.4671875 0.4395833333333333 0.440625 0.42291666666666666 0.415625 0.42083333333333334 0.3890625 0.43125 0.3671875 0.45
4 0.4515625 0.25833333333333336 0.4453125 0.2708333333333333 0.48125 0.29791666666666666 0.525 0.3729166666666667 0.5328125 0.31875 0.521875 0.2833333333333333 0.5046875 0.2604166666666667 0.4828125 0.24791666666666667
4 0.575 0.25625 0.5734375 0.27708333333333335 0.5921875 0.34375 0.65 0.31875 0.6890625 0.3229166666666667 0.7015625 0.29583333333333334 0.69375 0.23541666666666666 0.6828125 0.21458333333333332 0.6671875 0.20208333333333334 0.6296875 0.19583333333333333 0.6 0.20833333333333334
4 0.7671875 0.375 0.765625 0.39375 0.7734375 0.4166666666666667 0.8140625 0.425 0.840625 0.4666666666666667 0.8671875 0.45 0.8796875 0.425 0.8828125 0.4 0.8734375 0.3645833333333333 0.8453125 0.33541666666666664 0.80625 0.33541666666666664 0.78125 0.35208333333333336