0 0.2984375 0.5 0.3 0.5291666666666667 0.3578125 0.5583333333333333 0.378125 0.6041666666666666 0.425 0.6104166666666667 0.4484375 0.6 0.471875 0.6 0.51875 0.6208333333333333 0.5546875 0.6270833333333333 0.5765625 0.65 0.584375 0.65 0.603125 0.6291666666666667 0.6234375 0.56875 0.615625 0.5229166666666667 0.60625 0.5125 0.590625 0.5125 0.54375 0.5458333333333333 0.496875 0.5479166666666667 0.4578125 0.5354166666666667 0.4171875 0.5104166666666666 0.378125 0.5145833333333333 0.328125 0.48125
1 0.253125 0.6229166666666667 0.2515625 0.6625 0.278125 0.6708333333333333 0.3078125 0.69375 0.3234375 0.6416666666666667 0.3640625 0.6 0.34375 0.5833333333333334 0.2984375 0.5791666666666667 0.2734375 0.5916666666666667
1 0.375 0.69375 0.375 0.7208333333333333 0.4234375 0.6916666666666667 0.4578125 0.69375 0.5015625 0.7229166666666667 0.5609375 0.7145833333333333 0.5546875 0.6854166666666667 0.5328125 0.64375 0.50625 0.6166666666666667 0.4671875 0.6020833333333333 0.4453125 0.6041666666666666 0.4125 0.625 0.3890625 0.6583333333333333
1 0.759375 0.5354166666666667 0.7578125 0.6 0.8 0.65625 0.8515625 0.6333333333333333 0.8859375 0.6020833333333333 0.8796875 0.5604166666666667 0.8671875 0.53125 0.840625 0.5 0.7859375 0.5
3 0.6328125 0.50625 0.634375 0.5520833333333334 0.6640625 0.5270833333333333 0.7109375 0.525 0.7359375 0.5458333333333333 0.7515625 0.58125 0.7546875 0.575 0.75625 0.5270833333333333 0.7375 0.48125 0.7171875 0.4583333333333333 0.684375 0.45208333333333334 0.6640625 0.46041666666666664 0.6421875 0.48333333333333334
3 0.134375 0.7458333333333333 0.1328125 0.7666666666666667 0.1578125 0.76875 0.33125 0.7479166666666667 0.3375 0.7354166666666667 0.28125 0.675 0.221875 0.6666666666666666 0.1640625 0.7020833333333333
5 0.3203125 0.65 0.3109375 0.68125 0.3125 0.6979166666666666 0.3453125 0.7416666666666667 0.3703125 0.7416666666666667 0.378125 0.6791666666666667 0.3890625 0.6520833333333333 0.4171875 0.6145833333333334 0.36875 0.60625 0.34375 0.61875
5 0.63125 0.6770833333333334 0.6296875 0.7041666666666667 0.6390625 0.71875 0.7765625 0.70625 0.7953125 0.6854166666666667 0.7890625 0.6604166666666667 0.7734375 0.6395833333333333 0.7546875 0.6166666666666667 0.7375 0.6104166666666667 0.7171875 0.6104166666666667 0.6578125 0.6354166666666666 0.6375 0.6541666666666667
4 0.61875 0.5958333333333333 0.6203125 0.6291666666666667 0.634375 0.6520833333333333 0.659375 0.6333333333333333 0.7125 0.6104166666666667 0.7546875 0.6145833333333334 0.7578125 0.6083333333333333 0.7328125 0.54375 0.7078125 0.5270833333333333 0.6796875 0.5270833333333333 0.653125 0.5375 0.634375 0.55625
4 0.525 0.6229166666666667 0.521875 0.63125 0.5484375 0.6708333333333333 0.5609375 0.7125 0.578125 0.7125 0.58125 0.6791666666666667 0.5734375 0.6479166666666667 0.5515625 0.6270833333333333
4 0.85625 0.6333333333333333 0.8546875 0.65 0.896875 0.65 0.928125 0.6895833333333333 0.984375 0.6833333333333333 0.984375 0.6604166666666667 0.9734375 0.6375 0.928125 0.60625 0.8796875 0.6104166666666667
1 0.58125 0.6604166666666667 0.584375 0.7145833333333333 0.6296875 0.7166666666666667 0.6328125 0.65625 0.6265625 0.6479166666666667 0.6046875 0.6458333333333334